Command Line:  1 0 100 0 100
Reading Data ....
Slicing ....
Reading and Slicing done in  44.895928144454956  s 
Starting LIR ....
 result =  [1.922e-09 2.228e-09 2.090e-09 2.066e-09 2.289e-09 1.954e-09 2.130e-09
 1.711e-09 2.007e-09 1.640e-09 2.028e-09 2.088e-09 1.854e-09 1.667e-09
 1.933e-09 1.929e-09 1.808e-09 1.999e-09 2.150e-09 1.827e-09 2.220e-09
 2.101e-09 1.857e-09 1.962e-09 2.200e-09 2.168e-09 2.461e-09 2.013e-09
 2.102e-09 1.819e-09 1.911e-09 1.800e-09 2.018e-09 2.063e-09 1.857e-09
 2.110e-09 2.130e-09 2.015e-09 2.133e-09 1.920e-09 1.975e-09 2.322e-09
 1.817e-09 1.956e-09 2.180e-09 2.018e-09 2.198e-09 2.185e-09 2.022e-09
 2.189e-09 2.233e-09 2.369e-09 2.060e-09 1.813e-09 1.793e-09 2.191e-09
 2.185e-09 2.445e-09 2.180e-09 1.965e-09 2.082e-09 2.256e-09 2.065e-09
 1.835e-09 2.197e-09 2.049e-09 2.306e-09 2.003e-09 2.001e-09 2.208e-09
 2.092e-09 2.203e-09 2.230e-09 2.165e-09 1.856e-09 2.155e-09 2.327e-09
 1.921e-09 2.145e-09 1.897e-09 1.911e-09 2.005e-09 2.493e-09 2.052e-09
 2.246e-09 1.855e-09 2.151e-09 2.159e-09 2.260e-09 1.839e-09 2.182e-09
 2.073e-09 1.789e-09 2.223e-09 2.175e-09 2.302e-09 2.149e-09 1.933e-09
 1.984e-09 1.938e-09]  in time = 0.01012277603149414
