Command Line:  1000 0 100 0 100
Reading Data ....
Slicing ....
Reading and Slicing done in  44.79991817474365  s 
Starting LIR ....
 result =  [1.92173821e-06 2.22771774e-06 2.08972704e-06 2.06574533e-06
 2.28871688e-06 1.95376275e-06 2.12974373e-06 1.71076463e-06
 2.00674746e-06 1.63975286e-06 2.02774731e-06 2.08774564e-06
 1.85373705e-06 1.66674474e-06 1.93275703e-06 1.92871907e-06
 1.80774373e-06 1.99874052e-06 2.14973987e-06 1.82676648e-06
 2.21972659e-06 2.10074823e-06 1.85677080e-06 1.96173929e-06
 2.19971717e-06 2.16775098e-06 2.46073115e-06 2.01272877e-06
 2.10172027e-06 1.81875073e-06 1.91074769e-06 1.79974756e-06
 2.01773702e-06 2.06275422e-06 1.85674947e-06 2.10974980e-06
 2.12972038e-06 2.01473290e-06 2.13272515e-06 1.91976279e-06
 1.97474911e-06 2.32172681e-06 1.81676586e-06 1.95573553e-06
 2.17973239e-06 2.01773605e-06 2.19771675e-06 2.18471723e-06
 2.02174929e-06 2.18874631e-06 2.23272817e-06 2.36871949e-06
 2.05975339e-06 1.81274252e-06 1.79275083e-06 2.19073716e-06
 2.18473002e-06 2.44471032e-06 2.17972067e-06 1.96473119e-06
 2.08173357e-06 2.25573177e-06 2.06472962e-06 1.83475935e-06
 2.19671079e-06 2.04872855e-06 2.30570503e-06 2.00272431e-06
 2.00074960e-06 2.20773256e-06 2.09171448e-06 2.20275413e-06
 2.22972729e-06 2.16474056e-06 1.85575513e-06 2.15473262e-06
 2.32672221e-06 1.92074730e-06 2.14473368e-06 1.89675447e-06
 1.91073943e-06 2.00474108e-06 2.49273011e-06 2.05172631e-06
 2.24572634e-06 1.85476128e-06 2.15074117e-06 2.15873093e-06
 2.25973777e-06 1.83875657e-06 2.18173599e-06 2.07271572e-06
 1.78876562e-06 2.22272895e-06 2.17474800e-06 2.30172371e-06
 2.14873738e-06 1.93273470e-06 1.98374784e-06 1.93774276e-06]  in time = 0.04761624336242676
