Command Line:  10000 0 100 0 100
Reading Data ....
Slicing ....
Reading and Slicing done in  80.30964279174805  s 
Starting LIR ....
 result =  [1.91938177e-05 2.22517700e-05 2.08727002e-05 2.06345295e-05
 2.28616841e-05 1.95162722e-05 2.12743692e-05 1.70864598e-05
 2.00447425e-05 1.63752827e-05 2.02547277e-05 2.08545604e-05
 1.85137018e-05 1.66444702e-05 1.93056992e-05 1.92619030e-05
 1.80543698e-05 1.99640489e-05 2.14739831e-05 1.82466451e-05
 2.21726548e-05 2.09848199e-05 1.85470766e-05 1.95939249e-05
 2.19717131e-05 2.16550943e-05 2.45831114e-05 2.01028730e-05
 2.09920228e-05 1.81650691e-05 1.90847651e-05 1.79747522e-05
 2.01536988e-05 2.06054188e-05 1.85449433e-05 2.10749766e-05
 2.12720340e-05 2.01232861e-05 2.13025109e-05 1.91762758e-05
 1.97249076e-05 2.31926776e-05 1.81465832e-05 1.95335498e-05
 2.17732353e-05 2.01536009e-05 2.19516710e-05 2.18217189e-05
 2.01949257e-05 2.18646275e-05 2.23028132e-05 2.36619448e-05
 2.05753353e-05 1.81042480e-05 1.79050799e-05 2.18837124e-05
 2.18229987e-05 2.44210284e-05 2.17720628e-05 1.96231158e-05
 2.07933534e-05 2.25331736e-05 2.06229583e-05 1.83259313e-05
 2.19410754e-05 2.04628510e-05 2.30304989e-05 2.00024271e-05
 1.99849562e-05 2.20532525e-05 2.08914444e-05 2.20054095e-05
 2.22727253e-05 2.16240523e-05 1.85355094e-05 2.15232584e-05
 2.32422169e-05 1.91847266e-05 2.14233639e-05 1.89454432e-05
 1.90839390e-05 2.00241044e-05 2.49030070e-05 2.04926276e-05
 2.24326303e-05 1.85261252e-05 2.14841133e-05 2.15630897e-05
 2.25737738e-05 1.83656540e-05 2.17935956e-05 2.07015682e-05
 1.78665592e-05 2.22028913e-05 2.17247961e-05 2.29923670e-05
 2.14637344e-05 1.93034661e-05 1.98147810e-05 1.93542726e-05]  in time = 0.7111232280731201
