Command Line:  1000 0 1000 0 1000
Reading Data ....
Slicing ....
Reading and Slicing done in  81.17303156852722  s 
Starting LIR ....
 result =  [2.46990605e-05 2.45133428e-05 2.46683648e-05 2.51149512e-05
 2.59442723e-05 2.45961468e-05 2.54734970e-05 2.58919943e-05
 2.50004586e-05 2.44696061e-05 2.46399210e-05 2.56934193e-05
 2.40346864e-05 2.36332690e-05 2.44535519e-05 2.40684606e-05
 2.40116063e-05 2.51671890e-05 2.47346863e-05 2.51519426e-05
 2.51113567e-05 2.55202694e-05 2.41980505e-05 2.56756237e-05
 2.43361270e-05 2.51877656e-05 2.57580688e-05 2.44132592e-05
 2.38412404e-05 2.59864071e-05 2.48953705e-05 2.55527847e-05
 2.41949343e-05 2.54601988e-05 2.53682460e-05 2.53680738e-05
 2.41798431e-05 2.44548987e-05 2.49632536e-05 2.49679722e-05
 2.46668073e-05 2.49301089e-05 2.53712323e-05 2.50335916e-05
 2.44037631e-05 2.53011144e-05 2.47375760e-05 2.46842537e-05
 2.53843201e-05 2.54495276e-05 2.54511510e-05 2.55609026e-05
 2.54859887e-05 2.34800560e-05 2.38543221e-05 2.52751476e-05
 2.56243607e-05 2.61047695e-05 2.45211477e-05 2.47080673e-05
 2.51993607e-05 2.54793103e-05 2.42668145e-05 2.44036048e-05
 2.47187203e-05 2.38706732e-05 2.55683253e-05 2.44838878e-05
 2.46584966e-05 2.59528223e-05 2.53284681e-05 2.48129882e-05
 2.46896286e-05 2.43319991e-05 2.49636096e-05 2.45761863e-05
 2.49055144e-05 2.48388987e-05 2.56974805e-05 2.56076537e-05
 2.52356002e-05 2.56926947e-05 2.58341766e-05 2.49595566e-05
 2.51421756e-05 2.45439202e-05 2.58310778e-05 2.49627039e-05
 2.44033601e-05 2.44529982e-05 2.55060956e-05 2.50074378e-05
 2.42816438e-05 2.40978906e-05 2.41662841e-05 2.43910047e-05
 2.42304452e-05 2.56608294e-05 2.47886371e-05 2.54058086e-05
 2.47533726e-05 2.57291361e-05 2.48011071e-05 2.60436874e-05
 2.54060607e-05 2.58961722e-05 2.49151781e-05 2.43129186e-05
 2.55957061e-05 2.61157178e-05 2.48695834e-05 2.47908663e-05
 2.56954259e-05 2.46378758e-05 2.53016107e-05 2.40612084e-05
 2.41262861e-05 2.48856130e-05 2.53226035e-05 2.45267256e-05
 2.58792073e-05 2.50265719e-05 2.49946343e-05 2.35391573e-05
 2.48961269e-05 2.55997488e-05 2.61177372e-05 2.44811686e-05
 2.53583193e-05 2.56406098e-05 2.42108089e-05 2.53374047e-05
 2.57348257e-05 2.46273870e-05 2.44353356e-05 2.42246738e-05
 2.50064851e-05 2.47270511e-05 2.50778747e-05 2.62361243e-05
 2.56942050e-05 2.38384971e-05 2.43577326e-05 2.47903162e-05
 2.35834567e-05 2.44430581e-05 2.49610012e-05 2.51255556e-05
 2.47288901e-05 2.43690351e-05 2.47459037e-05 2.43438095e-05
 2.42969154e-05 2.54490259e-05 2.45817015e-05 2.52680059e-05
 2.65412725e-05 2.57103791e-05 2.38530923e-05 2.56957238e-05
 2.40284014e-05 2.45637461e-05 2.55712472e-05 2.42876745e-05
 2.52484500e-05 2.50668094e-05 2.51644441e-05 2.52008220e-05
 2.55821159e-05 2.49916662e-05 2.46998303e-05 2.38149204e-05
 2.57013671e-05 2.43834083e-05 2.47866113e-05 2.48007737e-05
 2.54370607e-05 2.49723523e-05 2.57439973e-05 2.53271005e-05
 2.37149200e-05 2.48257968e-05 2.44767356e-05 2.62174396e-05
 2.46700255e-05 2.51138441e-05 2.41365446e-05 2.37593492e-05
 2.43504759e-05 2.51177476e-05 2.41387170e-05 2.44827291e-05
 2.56142336e-05 2.47243059e-05 2.50624052e-05 2.50425043e-05
 2.48000162e-05 2.55705328e-05 2.48755914e-05 2.33700691e-05
 2.45357440e-05 2.52739281e-05 2.59169779e-05 2.60409978e-05
 2.52347965e-05 2.47906794e-05 2.46018517e-05 2.54397079e-05
 2.58725643e-05 2.46202084e-05 2.39664166e-05 2.38285930e-05
 2.44836808e-05 2.49206971e-05 2.55153047e-05 2.54098541e-05
 2.48784290e-05 2.53569998e-05 2.46298277e-05 2.45034347e-05
 2.41636264e-05 2.50978023e-05 2.47148231e-05 2.39622604e-05
 2.53797705e-05 2.53855200e-05 2.64002404e-05 2.47216362e-05
 2.53088880e-05 2.52084481e-05 2.54040707e-05 2.55178649e-05
 2.43840276e-05 2.39580050e-05 2.61029855e-05 2.41731477e-05
 2.50564939e-05 2.51283686e-05 2.49530418e-05 2.53073340e-05
 2.45038236e-05 2.47498379e-05 2.57612452e-05 2.49950990e-05
 2.39248851e-05 2.53958275e-05 2.48988528e-05 2.57971333e-05
 2.36601382e-05 2.50801182e-05 2.42595624e-05 2.58552307e-05
 2.42971303e-05 2.45880539e-05 2.41235011e-05 2.52461234e-05
 2.42713771e-05 2.53009849e-05 2.59611467e-05 2.54617876e-05
 2.52085341e-05 2.36697130e-05 2.47922620e-05 2.45683472e-05
 2.35393463e-05 2.63806249e-05 2.51377093e-05 2.48578853e-05
 2.54996700e-05 2.66556167e-05 2.49823114e-05 2.55437027e-05
 2.54589096e-05 2.51423011e-05 2.43491215e-05 2.45437051e-05
 2.49962560e-05 2.48718460e-05 2.56612060e-05 2.55962488e-05
 2.51467922e-05 2.46917844e-05 2.50843978e-05 2.63259299e-05
 2.50282922e-05 2.48903860e-05 2.43142653e-05 2.54136810e-05
 2.49194634e-05 2.45902292e-05 2.63659949e-05 2.43398300e-05
 2.44513881e-05 2.49697927e-05 2.58682392e-05 2.53676865e-05
 2.56862061e-05 2.41658354e-05 2.50320984e-05 2.40486367e-05
 2.45299691e-05 2.51927632e-05 2.47732504e-05 2.60018626e-05
 2.49959937e-05 2.48074440e-05 2.31842583e-05 2.58887575e-05
 2.41478310e-05 2.50663350e-05 2.48567880e-05 2.48055214e-05
 2.44802706e-05 2.46255572e-05 2.45461688e-05 2.53565203e-05
 2.53408604e-05 2.43097922e-05 2.64577463e-05 2.53264825e-05
 2.55664447e-05 2.38231670e-05 2.56067476e-05 2.47932797e-05
 2.60894494e-05 2.41631946e-05 2.52233542e-05 2.54886168e-05
 2.58528449e-05 2.63561039e-05 2.49975169e-05 2.47508378e-05
 2.50349739e-05 2.57424742e-05 2.61057004e-05 2.48249346e-05
 2.45117975e-05 2.58580110e-05 2.44293646e-05 2.32468019e-05
 2.48153549e-05 2.57217813e-05 2.44618136e-05 2.39857145e-05
 2.45284271e-05 2.52083123e-05 2.59151480e-05 2.46321189e-05
 2.51160001e-05 2.41690068e-05 2.48847894e-05 2.56518954e-05
 2.44894717e-05 2.55094452e-05 2.62475698e-05 2.48037238e-05
 2.46220381e-05 2.51153787e-05 2.41705972e-05 2.54231120e-05
 2.50707430e-05 2.56199647e-05 2.51371885e-05 2.52977399e-05
 2.49032713e-05 2.45367912e-05 2.52924428e-05 2.48981642e-05
 2.48750902e-05 2.43875295e-05 2.41953701e-05 2.52457283e-05
 2.52720060e-05 2.45500674e-05 2.50953479e-05 2.47849454e-05
 2.52119538e-05 2.43466244e-05 2.43051706e-05 2.50468438e-05
 2.40878642e-05 2.51769248e-05 2.51861301e-05 2.52524521e-05
 2.45524112e-05 2.48395901e-05 2.44215720e-05 2.43645471e-05
 2.44216415e-05 2.47100893e-05 2.47722511e-05 2.55822110e-05
 2.55196875e-05 2.40583563e-05 2.51683949e-05 2.41072300e-05
 2.36021653e-05 2.59375196e-05 2.43977228e-05 2.34098832e-05
 2.40619411e-05 2.51405224e-05 2.46717748e-05 2.50803283e-05
 2.51350055e-05 2.42479414e-05 2.36776378e-05 2.47701537e-05
 2.52095809e-05 2.52408708e-05 2.51272505e-05 2.56333806e-05
 2.56011562e-05 2.47412337e-05 2.42420216e-05 2.45339074e-05
 2.54608878e-05 2.65164247e-05 2.63441028e-05 2.57383554e-05
 2.47872014e-05 2.54563758e-05 2.50969029e-05 2.59641116e-05
 2.46676311e-05 2.55638577e-05 2.56318473e-05 2.48430625e-05
 2.55447332e-05 2.53213543e-05 2.55476427e-05 2.48485023e-05
 2.50733305e-05 2.41474966e-05 2.55153101e-05 2.37347454e-05
 2.43013461e-05 2.51508435e-05 2.50677111e-05 2.54098648e-05
 2.53883955e-05 2.43212792e-05 2.51835164e-05 2.54507161e-05
 2.41963413e-05 2.62721852e-05 2.47433407e-05 2.51528365e-05
 2.50268390e-05 2.49486304e-05 2.42403005e-05 2.47987085e-05
 2.42420671e-05 2.53395650e-05 2.42993825e-05 2.46005090e-05
 2.61324945e-05 2.49485120e-05 2.48548065e-05 2.41767264e-05
 2.52943306e-05 2.52245052e-05 2.48396909e-05 2.48683476e-05
 2.44143405e-05 2.60546866e-05 2.61046095e-05 2.42105087e-05
 2.49714296e-05 2.64004495e-05 2.44477821e-05 2.40477064e-05
 2.40937797e-05 2.52745442e-05 2.53207264e-05 2.48385288e-05
 2.66090943e-05 2.44501581e-05 2.45179540e-05 2.40341134e-05
 2.51960410e-05 2.51825826e-05 2.46977704e-05 2.47975119e-05
 2.41184084e-05 2.52003823e-05 2.53879389e-05 2.62226799e-05
 2.56269988e-05 2.38716583e-05 2.55309620e-05 2.47237917e-05
 2.51139818e-05 2.52497040e-05 2.44422853e-05 2.44676345e-05
 2.45188062e-05 2.47388123e-05 2.51655806e-05 2.59449211e-05
 2.50622309e-05 2.50977310e-05 2.53322803e-05 2.54734530e-05
 2.39447205e-05 2.47223987e-05 2.53059176e-05 2.46839071e-05
 2.49799704e-05 2.54323682e-05 2.54609465e-05 2.47813184e-05
 2.50376057e-05 2.54963260e-05 2.47333562e-05 2.53974711e-05
 2.59435820e-05 2.49204270e-05 2.50259053e-05 2.47830713e-05
 2.65465582e-05 2.46113535e-05 2.60532208e-05 2.44709810e-05
 2.57869391e-05 2.52989504e-05 2.46459448e-05 2.52146214e-05
 2.47577392e-05 2.52988887e-05 2.46927347e-05 2.47362663e-05
 2.57889118e-05 2.50048606e-05 2.57704270e-05 2.53346521e-05
 2.48621704e-05 2.48318817e-05 2.51710760e-05 2.49400448e-05
 2.48826325e-05 2.66882476e-05 2.53683372e-05 2.47773937e-05
 2.44468572e-05 2.47490688e-05 2.42526518e-05 2.51159183e-05
 2.48962325e-05 2.43220748e-05 2.37644158e-05 2.52593091e-05
 2.45418122e-05 2.48986644e-05 2.64832320e-05 2.46168573e-05
 2.61073652e-05 2.49070892e-05 2.47239938e-05 2.54243489e-05
 2.47370401e-05 2.57487916e-05 2.46338253e-05 2.55028640e-05
 2.51249928e-05 2.54953813e-05 2.44121274e-05 2.49336088e-05
 2.46439392e-05 2.52783246e-05 2.52369270e-05 2.43872980e-05
 2.55699166e-05 2.64076824e-05 2.50987361e-05 2.47784988e-05
 2.47799108e-05 2.50512739e-05 2.62784760e-05 2.43337790e-05
 2.55802978e-05 2.46428301e-05 2.42195224e-05 2.49193304e-05
 2.44956445e-05 2.59106658e-05 2.51728996e-05 2.52109349e-05
 2.61954189e-05 2.63155613e-05 2.57522620e-05 2.45208947e-05
 2.34713976e-05 2.55846123e-05 2.49969696e-05 2.44648385e-05
 2.39594298e-05 2.58098094e-05 2.57914073e-05 2.62613796e-05
 2.41976647e-05 2.48242703e-05 2.31436080e-05 2.52357065e-05
 2.51692183e-05 2.40798410e-05 2.55879982e-05 2.39931834e-05
 2.58631144e-05 2.53896386e-05 2.52935203e-05 2.47752294e-05
 2.36683410e-05 2.42337324e-05 2.54563030e-05 2.43716117e-05
 2.55783685e-05 2.51529641e-05 2.50392369e-05 2.43168463e-05
 2.57406628e-05 2.55787739e-05 2.50152944e-05 2.50143332e-05
 2.55902069e-05 2.46203988e-05 2.34160163e-05 2.50247385e-05
 2.43653828e-05 2.59636529e-05 2.55164806e-05 2.47342207e-05
 2.50743695e-05 2.45559898e-05 2.57362197e-05 2.37815083e-05
 2.47721292e-05 2.33281704e-05 2.53555766e-05 2.52857887e-05
 2.60162891e-05 2.54232260e-05 2.52261231e-05 2.39997052e-05
 2.48353140e-05 2.44255409e-05 2.48087275e-05 2.45744051e-05
 2.45769336e-05 2.48578848e-05 2.52980761e-05 2.60825699e-05
 2.63293491e-05 2.52108122e-05 2.42857569e-05 2.40913236e-05
 2.45013607e-05 2.45004633e-05 2.71635984e-05 2.53150585e-05
 2.54967693e-05 2.50511236e-05 2.45944979e-05 2.39787421e-05
 2.59032555e-05 2.46457373e-05 2.42793626e-05 2.51607255e-05
 2.50174201e-05 2.64044671e-05 2.59191971e-05 2.51969130e-05
 2.58583228e-05 2.47192990e-05 2.56355774e-05 2.55435560e-05
 2.43949224e-05 2.36825365e-05 2.42866227e-05 2.41410796e-05
 2.47308821e-05 2.41626974e-05 2.47136429e-05 2.54778911e-05
 2.54711645e-05 2.55247349e-05 2.37881948e-05 2.55109931e-05
 2.53002792e-05 2.37226699e-05 2.49888051e-05 2.55127802e-05
 2.58485453e-05 2.54324510e-05 2.51298032e-05 2.53134279e-05
 2.39620907e-05 2.51038748e-05 2.50028332e-05 2.46848462e-05
 2.48108763e-05 2.35547491e-05 2.49725545e-05 2.50280193e-05
 2.55023195e-05 2.82410819e-05 2.42019792e-05 2.58666628e-05
 2.54371658e-05 2.52194731e-05 2.47797310e-05 2.53617331e-05
 2.38870691e-05 2.46859357e-05 2.57460092e-05 2.61624115e-05
 2.43320337e-05 2.54986583e-05 2.36567243e-05 2.51178297e-05
 2.52145931e-05 2.51077689e-05 2.47701765e-05 2.48313460e-05
 2.47689271e-05 2.50839864e-05 2.38572417e-05 2.46509320e-05
 2.41220369e-05 2.53865327e-05 2.45908560e-05 2.46457984e-05
 2.41102992e-05 2.56228120e-05 2.46025190e-05 2.57772271e-05
 2.64485180e-05 2.48755603e-05 2.50269171e-05 2.39997242e-05
 2.51005179e-05 2.49967293e-05 2.53845147e-05 2.56001843e-05
 2.50543274e-05 2.56997059e-05 2.40795456e-05 2.44170922e-05
 2.47137008e-05 2.46891787e-05 2.45285592e-05 2.45643206e-05
 2.40135925e-05 2.48139485e-05 2.44512046e-05 2.57531665e-05
 2.55590133e-05 2.56774565e-05 2.55184770e-05 2.49535757e-05
 2.54397630e-05 2.51075583e-05 2.45079141e-05 2.52711022e-05
 2.55101446e-05 2.58410202e-05 2.41774470e-05 2.59428955e-05
 2.34188287e-05 2.49801846e-05 2.58583415e-05 2.51614977e-05
 2.42598202e-05 2.46707171e-05 2.46073119e-05 2.54924776e-05
 2.55757215e-05 2.44538679e-05 2.47920785e-05 2.48273448e-05
 2.49573668e-05 2.37534663e-05 2.49961210e-05 2.33196021e-05
 2.44011284e-05 2.65137049e-05 2.52499746e-05 2.49587256e-05
 2.41790017e-05 2.43222444e-05 2.52890538e-05 2.51950334e-05
 2.42941697e-05 2.51051357e-05 2.61454335e-05 2.53567820e-05
 2.48736192e-05 2.47402336e-05 2.45679768e-05 2.42508794e-05
 2.52676997e-05 2.55459502e-05 2.48144370e-05 2.53473901e-05
 2.53682422e-05 2.50354792e-05 2.63017029e-05 2.49262549e-05
 2.52053742e-05 2.49843850e-05 2.44115993e-05 2.51267563e-05
 2.55296819e-05 2.51852675e-05 2.43121163e-05 2.48162112e-05
 2.48165991e-05 2.56433343e-05 2.58486214e-05 2.47742119e-05
 2.52585672e-05 2.56762024e-05 2.55256075e-05 2.43680903e-05
 2.49679920e-05 2.47367796e-05 2.45667274e-05 2.50068874e-05
 2.52346238e-05 2.51442049e-05 2.39685198e-05 2.56261036e-05
 2.57427918e-05 2.48656508e-05 2.49211740e-05 2.52633709e-05
 2.40909776e-05 2.46838383e-05 2.45049096e-05 2.51502607e-05
 2.61354809e-05 2.56301593e-05 2.32926280e-05 2.54771054e-05
 2.42648062e-05 2.43116391e-05 2.32026878e-05 2.54742705e-05
 2.47678342e-05 2.54868228e-05 2.46557476e-05 2.51692359e-05
 2.49535875e-05 2.40868245e-05 2.48965188e-05 2.40448614e-05
 2.47975536e-05 2.37352153e-05 2.56265207e-05 2.59441621e-05
 2.41726584e-05 2.43511066e-05 2.49341873e-05 2.60825920e-05
 2.49920511e-05 2.49601329e-05 2.44046477e-05 2.49578678e-05
 2.53450983e-05 2.38751555e-05 2.61044172e-05 2.57955135e-05
 2.53709739e-05 2.62325785e-05 2.45800768e-05 2.47047729e-05
 2.48516878e-05 2.46512847e-05 2.51693003e-05 2.32485811e-05
 2.44803899e-05 2.66952471e-05 2.48821537e-05 2.44051615e-05
 2.57744449e-05 2.46459942e-05 2.40669593e-05 2.51651330e-05
 2.46449932e-05 2.56466350e-05 2.41821087e-05 2.53527811e-05
 2.51749052e-05 2.47850380e-05 2.49843518e-05 2.50725737e-05
 2.52517846e-05 2.50175568e-05 2.46884449e-05 2.43383298e-05
 2.48696368e-05 2.57955917e-05 2.45455752e-05 2.51422620e-05
 2.48984757e-05 2.47858497e-05 2.45520795e-05 2.42686038e-05
 2.50420906e-05 2.50946926e-05 2.38936417e-05 2.50101913e-05
 2.51489527e-05 2.51294564e-05 2.41474050e-05 2.53293641e-05
 2.38772714e-05 2.45896757e-05 2.48381532e-05 2.58985944e-05
 2.55470762e-05 2.38428928e-05 2.54684229e-05 2.51235231e-05
 2.39783646e-05 2.49980078e-05 2.50623892e-05 2.41480902e-05
 2.57929789e-05 2.52788826e-05 2.45153040e-05 2.51076304e-05
 2.51409674e-05 2.45531656e-05 2.53457577e-05 2.59187609e-05
 2.51933084e-05 2.29947965e-05 2.48502481e-05 2.57383119e-05
 2.53869408e-05 2.48304283e-05 2.43572739e-05 2.56431994e-05
 2.45048628e-05 2.47084756e-05 2.46392305e-05 2.57708556e-05
 2.54326108e-05 2.43747369e-05 2.56089236e-05 2.60407707e-05
 2.48909818e-05 2.48364997e-05 2.50118645e-05 2.52992594e-05
 2.37435212e-05 2.42229039e-05 2.48072958e-05 2.48569628e-05
 2.45718422e-05 2.40095062e-05 2.47905717e-05 2.59796291e-05
 2.43923904e-05 2.53655533e-05 2.43947937e-05 2.40293772e-05
 2.39396814e-05 2.52511607e-05 2.48519155e-05 2.43914089e-05
 2.55123236e-05 2.52693927e-05 2.57412920e-05 2.49070848e-05
 2.44689661e-05 2.50130331e-05 2.40088394e-05 2.48033321e-05
 2.50030376e-05 2.63270609e-05 2.51777066e-05 2.48873357e-05
 2.45740718e-05 2.53689533e-05 2.55417713e-05 2.48808409e-05
 2.43971853e-05 2.48594060e-05 2.44610255e-05 2.49259922e-05
 2.51893908e-05 2.50106853e-05 2.53191323e-05 2.47202127e-05
 2.53523091e-05 2.48181032e-05 2.51486854e-05 2.36537606e-05]  in time = 5.315763711929321
