Command Line:  5000 0 100 0 100
Reading Data ....
Slicing ....
Reading and Slicing done in  45.7372829914093  s 
Starting LIR ....
 result =  [9.60345231e-06 1.11329402e-05 1.04431728e-05 1.03236303e-05
 1.14379187e-05 9.76406613e-06 1.06435902e-05 8.54911303e-06
 1.00286836e-05 8.19381867e-06 1.01336799e-05 1.04336381e-05
 9.26342332e-06 8.32861549e-06 9.65892282e-06 9.63797346e-06
 9.03359036e-06 9.98851013e-06 1.07434937e-05 9.12915938e-06
 1.10931615e-05 1.04987029e-05 9.27926730e-06 9.80347912e-06
 1.09929260e-05 1.08337716e-05 1.22982757e-05 1.00582161e-05
 1.05030034e-05 9.08876527e-06 9.54868923e-06 8.99368600e-06
 1.00834226e-05 1.03088527e-05 9.27873379e-06 1.05437421e-05
 1.06430062e-05 1.00683194e-05 1.06581255e-05 9.59406703e-06
 9.86872487e-06 1.16031672e-05 9.07914390e-06 9.77338530e-06
 1.08933067e-05 1.00833981e-05 1.09829154e-05 1.09179274e-05
 1.01037294e-05 1.09386548e-05 1.11582011e-05 1.18379839e-05
 1.02938318e-05 9.05855992e-06 8.95876795e-06 1.09484260e-05
 1.09182475e-05 1.22177547e-05 1.08930134e-05 9.81827676e-06
 1.04033362e-05 1.12732912e-05 1.03182374e-05 9.16898087e-06
 1.09777665e-05 1.02382105e-05 1.15226223e-05 1.00081045e-05
 9.99873702e-06 1.10333110e-05 1.04528588e-05 1.10088504e-05
 1.11431791e-05 1.08185110e-05 9.27387536e-06 1.07683124e-05
 1.16280520e-05 9.59867961e-06 1.07183388e-05 9.47885880e-06
 9.54848264e-06 1.00185240e-05 1.24582496e-05 1.02531547e-05
 1.12231553e-05 9.26902936e-06 1.07485262e-05 1.07882702e-05
 1.12934413e-05 9.18891152e-06 1.09033968e-05 1.03578897e-05
 8.93913790e-06 1.11082206e-05 1.08686970e-05 1.15030895e-05
 1.07384315e-05 9.65836437e-06 9.91369321e-06 9.68356606e-06]  in time = 0.2557380199432373
