Command Line:  1 0 1000 0 1000
Reading Data ....
Slicing ....
Reading and Slicing done in  80.17561268806458  s 
Starting LIR ....
 result =  [2.5014e-08 2.4824e-08 2.4977e-08 2.5429e-08 2.6259e-08 2.4900e-08
 2.5789e-08 2.6213e-08 2.5310e-08 2.4777e-08 2.4946e-08 2.6013e-08
 2.4343e-08 2.3943e-08 2.4760e-08 2.4379e-08 2.4325e-08 2.5477e-08
 2.5041e-08 2.5461e-08 2.5419e-08 2.5837e-08 2.4503e-08 2.5993e-08
 2.4645e-08 2.5504e-08 2.6074e-08 2.4726e-08 2.4149e-08 2.6308e-08
 2.5209e-08 2.5869e-08 2.4507e-08 2.5766e-08 2.5683e-08 2.5679e-08
 2.4486e-08 2.4763e-08 2.5281e-08 2.5280e-08 2.4978e-08 2.5241e-08
 2.5682e-08 2.5346e-08 2.4713e-08 2.5620e-08 2.5049e-08 2.4998e-08
 2.5695e-08 2.5769e-08 2.5766e-08 2.5883e-08 2.5793e-08 2.3781e-08
 2.4155e-08 2.5590e-08 2.5942e-08 2.6427e-08 2.4835e-08 2.5022e-08
 2.5514e-08 2.5796e-08 2.4574e-08 2.4714e-08 2.5030e-08 2.4171e-08
 2.5883e-08 2.4791e-08 2.4965e-08 2.6271e-08 2.5645e-08 2.5125e-08
 2.5002e-08 2.4637e-08 2.5279e-08 2.4881e-08 2.5221e-08 2.5158e-08
 2.6021e-08 2.5920e-08 2.5549e-08 2.6008e-08 2.6154e-08 2.5270e-08
 2.5449e-08 2.4855e-08 2.6148e-08 2.5278e-08 2.4711e-08 2.4762e-08
 2.5819e-08 2.5322e-08 2.4593e-08 2.4407e-08 2.4471e-08 2.4703e-08
 2.4537e-08 2.5983e-08 2.5099e-08 2.5721e-08 2.5070e-08 2.6046e-08
 2.5115e-08 2.6367e-08 2.5719e-08 2.6219e-08 2.5219e-08 2.4628e-08
 2.5911e-08 2.6437e-08 2.5181e-08 2.5098e-08 2.6011e-08 2.4949e-08
 2.5620e-08 2.4367e-08 2.4437e-08 2.5203e-08 2.5644e-08 2.4839e-08
 2.6191e-08 2.5338e-08 2.5305e-08 2.3842e-08 2.5203e-08 2.5920e-08
 2.6442e-08 2.4790e-08 2.5672e-08 2.5959e-08 2.4513e-08 2.5654e-08
 2.6053e-08 2.4941e-08 2.4752e-08 2.4534e-08 2.5318e-08 2.5042e-08
 2.5393e-08 2.6561e-08 2.6008e-08 2.4146e-08 2.4665e-08 2.5100e-08
 2.3879e-08 2.4753e-08 2.5271e-08 2.5444e-08 2.5044e-08 2.4680e-08
 2.5057e-08 2.4650e-08 2.4595e-08 2.5768e-08 2.4887e-08 2.5574e-08
 2.6865e-08 2.6030e-08 2.4163e-08 2.6016e-08 2.4336e-08 2.4877e-08
 2.5882e-08 2.4600e-08 2.5567e-08 2.5380e-08 2.5485e-08 2.5517e-08
 2.5893e-08 2.5304e-08 2.5011e-08 2.4124e-08 2.6019e-08 2.4694e-08
 2.5102e-08 2.5110e-08 2.5754e-08 2.5286e-08 2.6055e-08 2.5637e-08
 2.4020e-08 2.5133e-08 2.4789e-08 2.6532e-08 2.4986e-08 2.5425e-08
 2.4453e-08 2.4071e-08 2.4659e-08 2.5428e-08 2.4445e-08 2.4791e-08
 2.5939e-08 2.5031e-08 2.5375e-08 2.5357e-08 2.5109e-08 2.5889e-08
 2.5191e-08 2.3664e-08 2.4848e-08 2.5588e-08 2.6228e-08 2.6360e-08
 2.5545e-08 2.5101e-08 2.4909e-08 2.5758e-08 2.6187e-08 2.4932e-08
 2.4272e-08 2.4140e-08 2.4795e-08 2.5236e-08 2.5828e-08 2.5733e-08
 2.5188e-08 2.5677e-08 2.4944e-08 2.4815e-08 2.4479e-08 2.5415e-08
 2.5031e-08 2.4274e-08 2.5686e-08 2.5697e-08 2.6726e-08 2.5035e-08
 2.5626e-08 2.5526e-08 2.5725e-08 2.5828e-08 2.4687e-08 2.4258e-08
 2.6425e-08 2.4471e-08 2.5366e-08 2.5439e-08 2.5266e-08 2.5618e-08
 2.4808e-08 2.5063e-08 2.6080e-08 2.5303e-08 2.4226e-08 2.5707e-08
 2.5213e-08 2.6119e-08 2.3967e-08 2.5383e-08 2.4566e-08 2.6177e-08
 2.4603e-08 2.4903e-08 2.4439e-08 2.5564e-08 2.4582e-08 2.5621e-08
 2.6282e-08 2.5773e-08 2.5523e-08 2.3967e-08 2.5103e-08 2.4879e-08
 2.3843e-08 2.6703e-08 2.5455e-08 2.5165e-08 2.5811e-08 2.6974e-08
 2.5290e-08 2.5861e-08 2.5771e-08 2.5454e-08 2.4660e-08 2.4853e-08
 2.5311e-08 2.5182e-08 2.5981e-08 2.5915e-08 2.5462e-08 2.5001e-08
 2.5403e-08 2.6641e-08 2.5335e-08 2.5198e-08 2.4626e-08 2.5739e-08
 2.5229e-08 2.4907e-08 2.6683e-08 2.4645e-08 2.4764e-08 2.5279e-08
 2.6185e-08 2.5676e-08 2.6000e-08 2.4477e-08 2.5350e-08 2.4351e-08
 2.4846e-08 2.5502e-08 2.5087e-08 2.6322e-08 2.5306e-08 2.5120e-08
 2.3486e-08 2.6209e-08 2.4457e-08 2.5376e-08 2.5165e-08 2.5116e-08
 2.4791e-08 2.4930e-08 2.4853e-08 2.5677e-08 2.5656e-08 2.4616e-08
 2.6782e-08 2.5638e-08 2.5887e-08 2.4129e-08 2.5921e-08 2.5108e-08
 2.6408e-08 2.4468e-08 2.5539e-08 2.5798e-08 2.6171e-08 2.6678e-08
 2.5314e-08 2.5062e-08 2.5348e-08 2.6054e-08 2.6422e-08 2.5137e-08
 2.4822e-08 2.6177e-08 2.4738e-08 2.3555e-08 2.5131e-08 2.6041e-08
 2.4779e-08 2.4296e-08 2.4836e-08 2.5521e-08 2.6237e-08 2.4940e-08
 2.5428e-08 2.4475e-08 2.5198e-08 2.5973e-08 2.4799e-08 2.5830e-08
 2.6576e-08 2.5120e-08 2.4932e-08 2.5427e-08 2.4469e-08 2.5734e-08
 2.5383e-08 2.5941e-08 2.5454e-08 2.5616e-08 2.5212e-08 2.4843e-08
 2.5607e-08 2.5212e-08 2.5188e-08 2.4697e-08 2.4505e-08 2.5557e-08
 2.5585e-08 2.4860e-08 2.5406e-08 2.5087e-08 2.5528e-08 2.4654e-08
 2.4613e-08 2.5363e-08 2.4396e-08 2.5498e-08 2.5498e-08 2.5571e-08
 2.4867e-08 2.5148e-08 2.4730e-08 2.4673e-08 2.4738e-08 2.5028e-08
 2.5091e-08 2.5904e-08 2.5839e-08 2.4371e-08 2.5490e-08 2.4415e-08
 2.3900e-08 2.6255e-08 2.4701e-08 2.3718e-08 2.4363e-08 2.5454e-08
 2.4980e-08 2.5391e-08 2.5448e-08 2.4558e-08 2.3975e-08 2.5081e-08
 2.5521e-08 2.5560e-08 2.5443e-08 2.5949e-08 2.5915e-08 2.5050e-08
 2.4549e-08 2.4843e-08 2.5772e-08 2.6843e-08 2.6655e-08 2.6056e-08
 2.5099e-08 2.5775e-08 2.5404e-08 2.6281e-08 2.4974e-08 2.5881e-08
 2.5945e-08 2.5147e-08 2.5852e-08 2.5634e-08 2.5867e-08 2.5154e-08
 2.5389e-08 2.4454e-08 2.5831e-08 2.4039e-08 2.4611e-08 2.5466e-08
 2.5378e-08 2.5722e-08 2.5704e-08 2.4626e-08 2.5490e-08 2.5768e-08
 2.4508e-08 2.6597e-08 2.5054e-08 2.5467e-08 2.5334e-08 2.5257e-08
 2.4543e-08 2.5111e-08 2.4551e-08 2.5651e-08 2.4610e-08 2.4914e-08
 2.6455e-08 2.5267e-08 2.5164e-08 2.4481e-08 2.5605e-08 2.5539e-08
 2.5151e-08 2.5180e-08 2.4729e-08 2.6376e-08 2.6423e-08 2.4517e-08
 2.5284e-08 2.6717e-08 2.4759e-08 2.4355e-08 2.4400e-08 2.5584e-08
 2.5636e-08 2.5156e-08 2.6934e-08 2.4765e-08 2.4825e-08 2.4344e-08
 2.5508e-08 2.5494e-08 2.5008e-08 2.5109e-08 2.4423e-08 2.5516e-08
 2.5703e-08 2.6549e-08 2.5941e-08 2.4186e-08 2.5848e-08 2.5031e-08
 2.5427e-08 2.5568e-08 2.4751e-08 2.4783e-08 2.4832e-08 2.5048e-08
 2.5481e-08 2.6261e-08 2.5387e-08 2.5412e-08 2.5644e-08 2.5791e-08
 2.4252e-08 2.5030e-08 2.5626e-08 2.4991e-08 2.5295e-08 2.5746e-08
 2.5775e-08 2.5097e-08 2.5356e-08 2.5816e-08 2.5043e-08 2.5718e-08
 2.6264e-08 2.5237e-08 2.5338e-08 2.5099e-08 2.6866e-08 2.4923e-08
 2.6373e-08 2.4777e-08 2.6106e-08 2.5609e-08 2.4960e-08 2.5524e-08
 2.5066e-08 2.5613e-08 2.5006e-08 2.5053e-08 2.6108e-08 2.5313e-08
 2.6087e-08 2.5664e-08 2.5175e-08 2.5145e-08 2.5482e-08 2.5252e-08
 2.5204e-08 2.7018e-08 2.5681e-08 2.5090e-08 2.4754e-08 2.5062e-08
 2.4559e-08 2.5433e-08 2.5208e-08 2.4631e-08 2.4074e-08 2.5578e-08
 2.4849e-08 2.5217e-08 2.6801e-08 2.4924e-08 2.6428e-08 2.5219e-08
 2.5039e-08 2.5736e-08 2.5054e-08 2.6066e-08 2.4954e-08 2.5826e-08
 2.5435e-08 2.5809e-08 2.4723e-08 2.5244e-08 2.4950e-08 2.5590e-08
 2.5553e-08 2.4689e-08 2.5887e-08 2.6723e-08 2.5416e-08 2.5096e-08
 2.5086e-08 2.5371e-08 2.6600e-08 2.4644e-08 2.5896e-08 2.4952e-08
 2.4519e-08 2.5233e-08 2.4815e-08 2.6227e-08 2.5486e-08 2.5531e-08
 2.6523e-08 2.6636e-08 2.6062e-08 2.4826e-08 2.3779e-08 2.5901e-08
 2.5316e-08 2.4777e-08 2.4272e-08 2.6127e-08 2.6112e-08 2.6587e-08
 2.4502e-08 2.5142e-08 2.3442e-08 2.5553e-08 2.5485e-08 2.4389e-08
 2.5903e-08 2.4305e-08 2.6179e-08 2.5712e-08 2.5614e-08 2.5080e-08
 2.3978e-08 2.4544e-08 2.5771e-08 2.4675e-08 2.5899e-08 2.5467e-08
 2.5345e-08 2.4624e-08 2.6057e-08 2.5890e-08 2.5322e-08 2.5330e-08
 2.5906e-08 2.4931e-08 2.3727e-08 2.5335e-08 2.4679e-08 2.6279e-08
 2.5834e-08 2.5042e-08 2.5382e-08 2.4864e-08 2.6054e-08 2.4089e-08
 2.5091e-08 2.3627e-08 2.5667e-08 2.5607e-08 2.6336e-08 2.5740e-08
 2.5546e-08 2.4314e-08 2.5153e-08 2.4737e-08 2.5121e-08 2.4886e-08
 2.4890e-08 2.5171e-08 2.5617e-08 2.6400e-08 2.6658e-08 2.5520e-08
 2.4594e-08 2.4402e-08 2.4809e-08 2.4810e-08 2.7485e-08 2.5630e-08
 2.5819e-08 2.5367e-08 2.4899e-08 2.4286e-08 2.6225e-08 2.4956e-08
 2.4592e-08 2.5475e-08 2.5329e-08 2.6727e-08 2.6231e-08 2.5514e-08
 2.6173e-08 2.5031e-08 2.5956e-08 2.5860e-08 2.4704e-08 2.3987e-08
 2.4594e-08 2.4446e-08 2.5040e-08 2.4472e-08 2.5027e-08 2.5793e-08
 2.5789e-08 2.5839e-08 2.4093e-08 2.5831e-08 2.5621e-08 2.4025e-08
 2.5299e-08 2.5825e-08 2.6166e-08 2.5752e-08 2.5433e-08 2.5627e-08
 2.4266e-08 2.5425e-08 2.5318e-08 2.4993e-08 2.5117e-08 2.3863e-08
 2.5285e-08 2.5343e-08 2.5822e-08 2.8569e-08 2.4509e-08 2.6192e-08
 2.5758e-08 2.5534e-08 2.5084e-08 2.5675e-08 2.4187e-08 2.4995e-08
 2.6064e-08 2.6484e-08 2.4639e-08 2.5814e-08 2.3960e-08 2.5433e-08
 2.5529e-08 2.5415e-08 2.5083e-08 2.5142e-08 2.5085e-08 2.5402e-08
 2.4171e-08 2.4961e-08 2.4430e-08 2.5697e-08 2.4902e-08 2.4962e-08
 2.4416e-08 2.5939e-08 2.4908e-08 2.6094e-08 2.6765e-08 2.5190e-08
 2.5339e-08 2.4309e-08 2.5418e-08 2.5308e-08 2.5700e-08 2.5911e-08
 2.5360e-08 2.6011e-08 2.4391e-08 2.4727e-08 2.5024e-08 2.4998e-08
 2.4833e-08 2.4875e-08 2.4318e-08 2.5125e-08 2.4761e-08 2.6075e-08
 2.5876e-08 2.5985e-08 2.5839e-08 2.5264e-08 2.5759e-08 2.5422e-08
 2.4821e-08 2.5592e-08 2.5822e-08 2.6151e-08 2.4483e-08 2.6259e-08
 2.3721e-08 2.5294e-08 2.6175e-08 2.5472e-08 2.4565e-08 2.4980e-08
 2.4918e-08 2.5809e-08 2.5886e-08 2.4770e-08 2.5100e-08 2.5143e-08
 2.5269e-08 2.4058e-08 2.5318e-08 2.3618e-08 2.4708e-08 2.6836e-08
 2.5562e-08 2.5276e-08 2.4484e-08 2.4624e-08 2.5604e-08 2.5509e-08
 2.4602e-08 2.5420e-08 2.6467e-08 2.5668e-08 2.5184e-08 2.5051e-08
 2.4881e-08 2.4553e-08 2.5579e-08 2.5857e-08 2.5124e-08 2.5669e-08
 2.5680e-08 2.5343e-08 2.6622e-08 2.5242e-08 2.5518e-08 2.5296e-08
 2.4715e-08 2.5437e-08 2.5846e-08 2.5503e-08 2.4626e-08 2.5127e-08
 2.5129e-08 2.5962e-08 2.6172e-08 2.5089e-08 2.5563e-08 2.5994e-08
 2.5841e-08 2.4676e-08 2.5287e-08 2.5050e-08 2.4877e-08 2.5316e-08
 2.5554e-08 2.5456e-08 2.4273e-08 2.5939e-08 2.6055e-08 2.5181e-08
 2.5229e-08 2.5583e-08 2.4394e-08 2.5000e-08 2.4810e-08 2.5464e-08
 2.6458e-08 2.5945e-08 2.3592e-08 2.5799e-08 2.4568e-08 2.4620e-08
 2.3510e-08 2.5797e-08 2.5079e-08 2.5800e-08 2.4966e-08 2.5488e-08
 2.5269e-08 2.4400e-08 2.5214e-08 2.4351e-08 2.5114e-08 2.4042e-08
 2.5944e-08 2.6274e-08 2.4478e-08 2.4654e-08 2.5242e-08 2.6393e-08
 2.5310e-08 2.5271e-08 2.4711e-08 2.5271e-08 2.5659e-08 2.4178e-08
 2.6426e-08 2.6113e-08 2.5685e-08 2.6550e-08 2.4896e-08 2.5012e-08
 2.5168e-08 2.4959e-08 2.5480e-08 2.3549e-08 2.4795e-08 2.7006e-08
 2.5197e-08 2.4715e-08 2.6098e-08 2.4953e-08 2.4373e-08 2.5484e-08
 2.4958e-08 2.5959e-08 2.4484e-08 2.5678e-08 2.5486e-08 2.5093e-08
 2.5297e-08 2.5386e-08 2.5563e-08 2.5329e-08 2.4998e-08 2.4645e-08
 2.5177e-08 2.6118e-08 2.4854e-08 2.5457e-08 2.5219e-08 2.5097e-08
 2.4857e-08 2.4574e-08 2.5359e-08 2.5410e-08 2.4207e-08 2.5330e-08
 2.5466e-08 2.5441e-08 2.4452e-08 2.5642e-08 2.4187e-08 2.4894e-08
 2.5157e-08 2.6219e-08 2.5867e-08 2.4145e-08 2.5779e-08 2.5435e-08
 2.4283e-08 2.5302e-08 2.5376e-08 2.4449e-08 2.6111e-08 2.5600e-08
 2.4832e-08 2.5422e-08 2.5454e-08 2.4858e-08 2.5655e-08 2.6241e-08
 2.5509e-08 2.3301e-08 2.5163e-08 2.6056e-08 2.5707e-08 2.5142e-08
 2.4666e-08 2.5949e-08 2.4817e-08 2.5017e-08 2.4936e-08 2.6092e-08
 2.5746e-08 2.4684e-08 2.5930e-08 2.6356e-08 2.5203e-08 2.5149e-08
 2.5324e-08 2.5611e-08 2.4057e-08 2.4529e-08 2.5122e-08 2.5166e-08
 2.4888e-08 2.4315e-08 2.5101e-08 2.6292e-08 2.4702e-08 2.5684e-08
 2.4711e-08 2.4335e-08 2.4247e-08 2.5559e-08 2.5165e-08 2.4701e-08
 2.5837e-08 2.5582e-08 2.6059e-08 2.5226e-08 2.4774e-08 2.5325e-08
 2.4316e-08 2.5107e-08 2.5319e-08 2.6653e-08 2.5483e-08 2.5199e-08
 2.4889e-08 2.5688e-08 2.5858e-08 2.5200e-08 2.4705e-08 2.5171e-08
 2.4769e-08 2.5242e-08 2.5514e-08 2.5321e-08 2.5637e-08 2.5031e-08
 2.5665e-08 2.5129e-08 2.5462e-08 2.3964e-08]  in time = 0.006114006042480469
