Command Line:  100 0 100 0 100
Reading Data ....
Slicing ....
Reading and Slicing done in  80.11273050308228  s 
Starting LIR ....
 result =  [1.92197406e-07 2.22797203e-07 2.08997295e-07 2.06597476e-07
 2.28897194e-07 1.95397649e-07 2.12997460e-07 1.71097667e-07
 2.00697497e-07 1.63997551e-07 2.02797496e-07 2.08797479e-07
 1.85397394e-07 1.66697470e-07 1.93297592e-07 1.92897216e-07
 1.80797460e-07 1.99897428e-07 2.14997422e-07 1.82697686e-07
 2.21997290e-07 2.10097505e-07 1.85697728e-07 1.96197416e-07
 2.19997197e-07 2.16797532e-07 2.46097336e-07 2.01297312e-07
 2.10197228e-07 1.81897530e-07 1.91097499e-07 1.79997498e-07
 2.01797394e-07 2.06297564e-07 1.85697517e-07 2.10997520e-07
 2.12997229e-07 2.01497353e-07 2.13297276e-07 1.91997649e-07
 1.97497514e-07 2.32197293e-07 1.81697680e-07 1.95597379e-07
 2.17997348e-07 2.01797384e-07 2.19797193e-07 2.18497198e-07
 2.02197515e-07 2.18897486e-07 2.23297306e-07 2.36897220e-07
 2.05997556e-07 1.81297448e-07 1.79297531e-07 2.19097395e-07
 2.18497324e-07 2.44497129e-07 2.17997232e-07 1.96497336e-07
 2.08197360e-07 2.25597342e-07 2.06497320e-07 1.83497615e-07
 2.19697134e-07 2.04897310e-07 2.30597077e-07 2.00297268e-07
 2.00097518e-07 2.20797350e-07 2.09197170e-07 2.20297563e-07
 2.22997297e-07 2.16497429e-07 1.85597573e-07 2.15497350e-07
 2.32697247e-07 1.92097496e-07 2.14497361e-07 1.89697567e-07
 1.91097418e-07 2.00497434e-07 2.49297325e-07 2.05197288e-07
 2.24597288e-07 1.85497634e-07 2.15097435e-07 2.15897333e-07
 2.25997401e-07 1.83897587e-07 2.18197384e-07 2.07297183e-07
 1.78897677e-07 2.22297314e-07 2.17497502e-07 2.30197262e-07
 2.14897397e-07 1.93297371e-07 1.98397501e-07 1.93797451e-07]  in time = 0.006597995758056641
