Command Line:  10000 0 1000 0 1000
Reading Data ....
Slicing ....
Reading and Slicing done in  79.97710108757019  s 
Starting LIR ....
 result =  [0.00022084 0.00021934 0.00022106 0.00022508 0.00023331 0.00022073
 0.00022854 0.00023227 0.00022431 0.00021917 0.00022099 0.0002304
 0.00021475 0.00021062 0.00021909 0.0002149  0.0002141  0.00022595
 0.00022192 0.00022586 0.00022557 0.00022891 0.00021666 0.00023041
 0.00021772 0.00022562 0.00023135 0.00021817 0.00021286 0.00023316
 0.00022291 0.00022927 0.00021604 0.00022921 0.00022755 0.00022787
 0.00021638 0.00021897 0.00022325 0.00022377 0.00022083 0.00022349
 0.00022791 0.0002244  0.00021836 0.00022654 0.00022152 0.00022079
 0.00022805 0.00022797 0.00022837 0.00022887 0.00022937 0.00020982
 0.00021358 0.00022661 0.00022987 0.00023429 0.00021915 0.00022102
 0.00022587 0.0002285  0.00021716 0.00021827 0.00022134 0.00021377
 0.00022956 0.00021934 0.00022114 0.00023311 0.000227   0.00022223
 0.00022096 0.000218   0.00022345 0.00022045 0.00022286 0.0002219
 0.00023011 0.00023014 0.00022634 0.00023075 0.00023179 0.00022382
 0.00022595 0.00021961 0.000232   0.00022345 0.00021849 0.00021888
 0.00022908 0.00022396 0.00021697 0.00021532 0.00021636 0.00021801
 0.00021685 0.00022986 0.00022212 0.00022789 0.00022125 0.00023098
 0.00022195 0.00023359 0.00022808 0.00023216 0.00022393 0.00021697
 0.00022978 0.00023448 0.00022284 0.00022241 0.00023075 0.00022055
 0.00022658 0.00021522 0.00021547 0.00022251 0.00022654 0.00021934
 0.00023291 0.00022441 0.00022418 0.00021025 0.00022348 0.00022941
 0.00023426 0.00021917 0.00022754 0.00022997 0.00021702 0.00022709
 0.00023093 0.00022024 0.00021806 0.00021657 0.0002242  0.00022112
 0.00022462 0.00023539 0.00023089 0.00021285 0.00021807 0.00022219
 0.0002113  0.0002187  0.00022387 0.00022482 0.00022113 0.00021787
 0.00022163 0.00021802 0.00021822 0.00022801 0.00022047 0.00022728
 0.00023854 0.00023057 0.0002128  0.00023037 0.00021475 0.00021963
 0.00022991 0.00021695 0.00022604 0.00022467 0.00022503 0.00022576
 0.00023001 0.00022399 0.00022116 0.00021249 0.00023064 0.00021805
 0.00022168 0.00022233 0.00022806 0.00022368 0.00023162 0.00022754
 0.00021182 0.00022275 0.00021884 0.00023606 0.00022047 0.00022531
 0.00021509 0.00021172 0.00021789 0.00022542 0.00021596 0.00021923
 0.00022918 0.00022178 0.00022467 0.00022431 0.00022235 0.00022926
 0.00022257 0.0002093  0.00021943 0.00022666 0.00023335 0.00023393
 0.00022659 0.00022214 0.00022052 0.00022797 0.00023262 0.00022032
 0.00021429 0.00021243 0.00021899 0.00022303 0.00022919 0.00022727
 0.00022308 0.000227   0.00022021 0.00021917 0.00021545 0.00022464
 0.0002209  0.00021374 0.00022837 0.00022799 0.00023696 0.0002212
 0.00022676 0.00022572 0.0002274  0.00022943 0.00021869 0.00021467
 0.00023429 0.000217   0.00022487 0.00022549 0.00022355 0.00022728
 0.00021978 0.0002215  0.00023115 0.00022439 0.00021425 0.00022812
 0.00022291 0.00023125 0.00021112 0.00022565 0.00021715 0.00023184
 0.00021758 0.00021973 0.00021504 0.00022607 0.00021692 0.00022644
 0.00023297 0.00022878 0.00022598 0.00021202 0.00022212 0.00021989
 0.00021018 0.00023704 0.00022503 0.00022308 0.00022915 0.00024012
 0.00022428 0.00022909 0.00022868 0.00022554 0.00021768 0.00021976
 0.00022383 0.00022297 0.00023006 0.0002295  0.0002253  0.00022125
 0.00022439 0.0002371  0.00022482 0.00022336 0.00021726 0.00022713
 0.0002235  0.0002196  0.00023734 0.00021806 0.00021856 0.00022403
 0.00023238 0.00022808 0.00023081 0.00021582 0.00022393 0.00021538
 0.00021906 0.00022625 0.00022168 0.00023344 0.00022422 0.00022212
 0.00020679 0.0002323  0.00021581 0.00022495 0.00022298 0.00022228
 0.000219   0.00022098 0.00021999 0.00022696 0.00022724 0.00021768
 0.00023766 0.0002274  0.00022905 0.00021284 0.00022998 0.0002218
 0.00023445 0.00021633 0.00022603 0.0002292  0.00023211 0.00023684
 0.0002237  0.00022167 0.00022436 0.00023156 0.0002348  0.00022234
 0.00021936 0.0002321  0.00021867 0.00020688 0.00022195 0.00023071
 0.00021828 0.0002141  0.00021975 0.00022612 0.00023243 0.00022076
 0.00022526 0.00021629 0.00022284 0.00022986 0.0002192  0.00022848
 0.00023521 0.00022178 0.00022049 0.00022528 0.00021693 0.00022842
 0.00022478 0.00022955 0.00022507 0.00022655 0.0002234  0.00021995
 0.00022681 0.00022293 0.00022277 0.00021818 0.00021625 0.00022661
 0.00022673 0.00021977 0.00022516 0.00022277 0.00022588 0.00021795
 0.00021749 0.00022422 0.0002153  0.00022511 0.00022597 0.00022608
 0.00021941 0.00022279 0.00021861 0.00021804 0.00021795 0.00022071
 0.00022126 0.00022911 0.00022869 0.00021463 0.00022498 0.00021552
 0.00021129 0.00023302 0.0002188  0.00020852 0.00021562 0.00022538
 0.00022113 0.00022501 0.00022536 0.00021674 0.00021209 0.00022189
 0.00022624 0.00022591 0.00022506 0.00023013 0.00022995 0.00022178
 0.00021693 0.00021968 0.00022878 0.00023805 0.00023763 0.00023101
 0.00022199 0.00022811 0.00022547 0.00023333 0.00022124 0.00022931
 0.00023032 0.0002232  0.00022994 0.00022726 0.00022896 0.00022312
 0.00022453 0.00021603 0.00022894 0.00021209 0.0002173  0.00022534
 0.00022492 0.00022818 0.00022768 0.00021791 0.00022639 0.00022816
 0.00021609 0.00023575 0.00022164 0.00022545 0.00022477 0.00022388
 0.00021727 0.00022206 0.00021677 0.00022754 0.00021721 0.00021998
 0.00023455 0.00022304 0.00022288 0.00021651 0.00022715 0.00022613
 0.00022255 0.00022281 0.00021802 0.00023387 0.00023461 0.00021666
 0.00022376 0.00023772 0.00021864 0.00021496 0.00021551 0.00022705
 0.00022703 0.00022203 0.00023912 0.00021836 0.00021969 0.00021461
 0.00022606 0.00022597 0.00022122 0.00022211 0.0002159  0.0002258
 0.00022772 0.00023513 0.0002302  0.00021262 0.00022899 0.00022173
 0.00022515 0.00022607 0.00021879 0.00021849 0.00021919 0.00022172
 0.00022547 0.00023321 0.00022366 0.00022489 0.00022744 0.00022837
 0.00021394 0.00022169 0.00022648 0.00022134 0.00022364 0.00022828
 0.00022854 0.0002216  0.00022394 0.00022842 0.00022163 0.00022736
 0.00023283 0.00022292 0.00022435 0.0002216  0.00023894 0.00022024
 0.00023398 0.0002193  0.00023138 0.00022725 0.00022039 0.00022646
 0.00022198 0.00022691 0.00022092 0.00022107 0.0002314  0.00022447
 0.00023142 0.000226   0.00022265 0.00022232 0.0002259  0.0002235
 0.00022215 0.00023951 0.00022772 0.00022182 0.00021897 0.00022151
 0.00021709 0.00022483 0.00022308 0.00021757 0.00021194 0.00022613
 0.00021991 0.00022256 0.00023845 0.00022067 0.00023445 0.00022317
 0.00022109 0.00022837 0.00022106 0.00023115 0.00021976 0.0002282
 0.00022551 0.00022892 0.00021831 0.00022357 0.00022103 0.00022691
 0.00022613 0.00021882 0.00022937 0.0002379  0.00022465 0.00022142
 0.00022239 0.00022397 0.00023609 0.00021758 0.00022959 0.00022076
 0.00021733 0.00022315 0.00021844 0.00023284 0.00022573 0.00022554
 0.00023476 0.00023655 0.00023181 0.00021988 0.00020918 0.00022958
 0.00022348 0.00021873 0.00021364 0.00023176 0.0002313  0.00023558
 0.00021671 0.00022186 0.00020666 0.00022601 0.00022547 0.00021513
 0.00022973 0.00021404 0.00023241 0.00022713 0.00022633 0.00022245
 0.00021097 0.00021658 0.00022844 0.00021853 0.00022916 0.00022546
 0.00022501 0.00021767 0.00023114 0.00022995 0.00022469 0.00022394
 0.00022968 0.00022042 0.00020834 0.00022449 0.00021762 0.00023346
 0.0002288  0.00022179 0.0002252  0.00021999 0.00023098 0.00021229
 0.00022125 0.00020847 0.0002277  0.00022619 0.00023362 0.00022793
 0.0002257  0.0002139  0.00022198 0.0002184  0.00022216 0.00021987
 0.00021978 0.00022258 0.0002265  0.00023447 0.00023601 0.00022644
 0.00021727 0.00021512 0.00021947 0.00021931 0.00024495 0.000227
 0.00022821 0.00022429 0.00022066 0.00021428 0.00023232 0.0002207
 0.00021684 0.00022551 0.00022431 0.00023727 0.0002333  0.00022564
 0.00023246 0.00022131 0.00022975 0.00022916 0.00021829 0.00021155
 0.00021735 0.0002161  0.00022164 0.00021595 0.00022112 0.00022862
 0.00022832 0.00022916 0.00021258 0.00022854 0.00022638 0.00021213
 0.00022413 0.00022921 0.00023213 0.00022779 0.00022613 0.0002271
 0.00021439 0.00022438 0.00022386 0.00022126 0.00022269 0.00020996
 0.00022379 0.00022413 0.00022848 0.00025519 0.00021653 0.00023166
 0.00022773 0.00022608 0.00022254 0.00022761 0.00021397 0.0002212
 0.00023106 0.00023492 0.00021783 0.00022881 0.00021139 0.00022501
 0.00022604 0.00022557 0.00022173 0.00022252 0.00022145 0.00022444
 0.00021252 0.00022077 0.00021565 0.00022809 0.00022008 0.00022021
 0.00021572 0.00022998 0.00022066 0.00023147 0.00023821 0.00022265
 0.00022436 0.00021432 0.00022465 0.00022412 0.00022765 0.0002302
 0.00022517 0.00023115 0.00021494 0.00021844 0.00022137 0.00022125
 0.00022001 0.00021985 0.00021486 0.00022231 0.00021879 0.00023081
 0.00022927 0.00023124 0.00022857 0.00022376 0.00022789 0.00022497
 0.00021909 0.00022607 0.00022921 0.00023267 0.00021641 0.00023318
 0.0002091  0.00022375 0.00023229 0.00022584 0.00021726 0.00022103
 0.00022028 0.00022865 0.00023    0.00021829 0.00022236 0.00022207
 0.0002237  0.00021225 0.00022324 0.00020842 0.00021853 0.00023838
 0.00022659 0.00022325 0.00021647 0.00021817 0.00022674 0.00022588
 0.00021738 0.00022491 0.00023476 0.00022773 0.00022297 0.0002216
 0.00021969 0.00021743 0.00022683 0.00022963 0.00022244 0.00022677
 0.0002278  0.00022482 0.00023642 0.00022305 0.0002261  0.00022397
 0.00021893 0.00022551 0.00022903 0.00022547 0.00021706 0.00022236
 0.00022223 0.00022998 0.00023164 0.00022161 0.00022731 0.00023038
 0.00022907 0.00021812 0.00022319 0.00022136 0.00021991 0.00022441
 0.00022583 0.00022556 0.00021441 0.00023028 0.00023151 0.00022247
 0.00022365 0.0002261  0.00021575 0.00022059 0.00021972 0.00022545
 0.00023458 0.00023016 0.00020807 0.00022805 0.00021748 0.00021752
 0.00020651 0.00022795 0.00022184 0.00022887 0.0002208  0.00022523
 0.00022335 0.00021487 0.00022261 0.00021503 0.0002217  0.00021188
 0.00022991 0.00023206 0.00021638 0.00021836 0.00022379 0.00023505
 0.00022352 0.00022379 0.00021861 0.00022358 0.00022739 0.00021361
 0.00023435 0.0002316  0.00022764 0.00023597 0.00021957 0.00022154
 0.00022226 0.00022097 0.0002259  0.00020754 0.00021868 0.00024115
 0.00022268 0.00021833 0.00023088 0.00022097 0.00021526 0.00022518
 0.00022046 0.00023053 0.00021676 0.00022653 0.00022592 0.00022228
 0.00022389 0.0002247  0.00022668 0.00022432 0.00022118 0.00021792
 0.00022318 0.00023119 0.00021985 0.00022529 0.00022237 0.00022203
 0.00022021 0.00021733 0.00022411 0.00022477 0.00021292 0.00022355
 0.00022517 0.00022543 0.00021619 0.00022734 0.00021306 0.00022063
 0.00022191 0.00023238 0.00022891 0.00021335 0.0002289  0.00022538
 0.00021449 0.00022474 0.00022459 0.0002165  0.00023153 0.00022613
 0.00021886 0.00022498 0.00022542 0.00022022 0.00022778 0.00023243
 0.00022572 0.00020453 0.00022254 0.00023101 0.0002273  0.00022244
 0.00021794 0.00023104 0.00021913 0.00022147 0.00022175 0.00023105
 0.00022831 0.00021807 0.00022943 0.00023424 0.000223   0.00022242
 0.0002242  0.00022711 0.00021141 0.00021682 0.00022194 0.00022291
 0.00021947 0.00021473 0.00022213 0.00023386 0.00021822 0.00022722
 0.0002177  0.00021492 0.00021388 0.00022695 0.00022253 0.00021821
 0.00022817 0.00022674 0.00023104 0.00022259 0.00021936 0.00022423
 0.00021459 0.00022282 0.0002238  0.00023621 0.00022643 0.000223
 0.00021959 0.0002272  0.00022916 0.00022231 0.00021842 0.00022272
 0.00021904 0.00022302 0.00022494 0.00022434 0.0002268  0.0002214
 0.00022756 0.00022237 0.00022547 0.00021078]  in time = 52.78718948364258
