Command Line:  100 0 1000 0 1000
Reading Data ....
Slicing ....
Reading and Slicing done in  79.13572907447815  s 
Starting LIR ....
 result =  [2.49825556e-06 2.47929832e-06 2.49461851e-06 2.53976446e-06
 2.62275768e-06 2.48696625e-06 2.57574994e-06 2.61809500e-06
 2.52790946e-06 2.47463090e-06 2.49154403e-06 2.59810923e-06
 2.43122172e-06 2.39120757e-06 2.47294035e-06 2.43479950e-06
 2.42937100e-06 2.54460677e-06 2.50104169e-06 2.54301429e-06
 2.53882841e-06 2.58053768e-06 2.44725531e-06 2.59613124e-06
 2.46141613e-06 2.54724264e-06 2.60424566e-06 2.46947752e-06
 2.41182725e-06 2.62758914e-06 2.51776864e-06 2.58374283e-06
 2.44758426e-06 2.57354680e-06 2.56515742e-06 2.56479564e-06
 2.44554325e-06 2.47322384e-06 2.52492754e-06 2.52488464e-06
 2.49469297e-06 2.52099599e-06 2.56509722e-06 2.53148084e-06
 2.46821250e-06 2.55881617e-06 2.50179066e-06 2.49666748e-06
 2.56639809e-06 2.57371031e-06 2.57345647e-06 2.58508410e-06
 2.57623472e-06 2.37509530e-06 2.41249796e-06 2.55585643e-06
 2.59102861e-06 2.63948277e-06 2.48036642e-06 2.49906562e-06
 2.54825856e-06 2.57643809e-06 2.45433298e-06 2.46830094e-06
 2.49989211e-06 2.41410146e-06 2.58515821e-06 2.47603371e-06
 2.49343979e-06 2.62392323e-06 2.56133967e-06 2.50938480e-06
 2.49708121e-06 2.46065479e-06 2.52475106e-06 2.48505666e-06
 2.51895011e-06 2.51261401e-06 2.59886990e-06 2.58888146e-06
 2.55177094e-06 2.59765191e-06 2.61220680e-06 2.52390046e-06
 2.54183659e-06 2.48239410e-06 2.61163577e-06 2.52465200e-06
 2.46802845e-06 2.47311485e-06 2.57877588e-06 2.52905933e-06
 2.45619134e-06 2.43761377e-06 2.44405764e-06 2.46718496e-06
 2.45063928e-06 2.59508337e-06 2.50680126e-06 2.56895305e-06
 2.50383871e-06 2.60143635e-06 2.50836601e-06 2.63347197e-06
 2.56877554e-06 2.61867681e-06 2.51886657e-06 2.45965415e-06
 2.58795203e-06 2.64049224e-06 2.51499074e-06 2.50673350e-06
 2.59794923e-06 2.49179366e-06 2.55882112e-06 2.43364690e-06
 2.44059775e-06 2.51713113e-06 2.56119110e-06 2.48078217e-06
 2.61598698e-06 2.53069062e-06 2.52740123e-06 2.38117634e-06
 2.51723610e-06 2.58880253e-06 2.64096248e-06 2.47591655e-06
 2.56406813e-06 2.59272111e-06 2.44828285e-06 2.56223903e-06
 2.60212327e-06 2.49096881e-06 2.47203834e-06 2.45031161e-06
 2.52868976e-06 2.50105547e-06 2.53615371e-06 2.65285636e-06
 2.59766699e-06 2.41152981e-06 2.46343217e-06 2.50690804e-06
 2.38494922e-06 2.47220546e-06 2.52400489e-06 2.54122057e-06
 2.50125386e-06 2.46489525e-06 2.50259394e-06 2.46194292e-06
 2.45652385e-06 2.57361528e-06 2.48565182e-06 2.55434488e-06
 2.68326782e-06 2.59980883e-06 2.41320580e-06 2.59840228e-06
 2.43052886e-06 2.48457239e-06 2.58509737e-06 2.45688166e-06
 2.55351952e-06 2.53487303e-06 2.54529949e-06 2.54854320e-06
 2.58619606e-06 2.52728158e-06 2.49799320e-06 2.40931407e-06
 2.59872867e-06 2.46629897e-06 2.50705108e-06 2.50791261e-06
 2.57223560e-06 2.52546846e-06 2.60239487e-06 2.56060589e-06
 2.39895400e-06 2.51023281e-06 2.47578227e-06 2.65005935e-06
 2.49544523e-06 2.53939334e-06 2.44214043e-06 2.40398840e-06
 2.46281962e-06 2.53970236e-06 2.44144199e-06 2.47602215e-06
 2.59065745e-06 2.50003789e-06 2.53437898e-06 2.53256000e-06
 2.50781503e-06 2.58572034e-06 2.51595088e-06 2.36346532e-06
 2.48168236e-06 2.55566423e-06 2.61969468e-06 2.63281500e-06
 2.55140285e-06 2.50700168e-06 2.48783335e-06 2.57262209e-06
 2.61556060e-06 2.49008699e-06 2.42414898e-06 2.41089083e-06
 2.47639171e-06 2.52045194e-06 2.57967797e-06 2.57007363e-06
 2.51570917e-06 2.56450504e-06 2.49126322e-06 2.47838925e-06
 2.44475123e-06 2.53833302e-06 2.49994321e-06 2.42428751e-06
 2.56554253e-06 2.56659011e-06 2.66934753e-06 2.50037130e-06
 2.55943387e-06 2.54942948e-06 2.56929576e-06 2.57970353e-06
 2.46567505e-06 2.42280477e-06 2.63928493e-06 2.44412617e-06
 2.53350981e-06 2.54079858e-06 2.52347535e-06 2.55869823e-06
 2.47776303e-06 2.50317331e-06 2.60481747e-06 2.52722584e-06
 2.41959359e-06 2.56759318e-06 2.51816348e-06 2.60868640e-06
 2.39363621e-06 2.53527595e-06 2.45354045e-06 2.61448738e-06
 2.45724612e-06 2.48715550e-06 2.44074998e-06 2.55322624e-06
 2.45509866e-06 2.55890489e-06 2.62499652e-06 2.57419278e-06
 2.54916029e-06 2.39373181e-06 2.50719751e-06 2.48479836e-06
 2.38126825e-06 2.66708133e-06 2.54233209e-06 2.51343369e-06
 2.57799160e-06 2.69422118e-06 2.52592796e-06 2.58293202e-06
 2.57398401e-06 2.54228792e-06 2.46289611e-06 2.48221192e-06
 2.52795752e-06 2.51510334e-06 2.59490710e-06 2.58831751e-06
 2.54305289e-06 2.49701271e-06 2.53711899e-06 2.66095426e-06
 2.53043775e-06 2.51672870e-06 2.45948756e-06 2.57065193e-06
 2.51980951e-06 2.48753728e-06 2.66513494e-06 2.46145311e-06
 2.47327880e-06 2.52481280e-06 2.61533738e-06 2.56452172e-06
 2.59686700e-06 2.44459325e-06 2.53182599e-06 2.43208113e-06
 2.48144467e-06 2.54711250e-06 2.50556745e-06 2.62900367e-06
 2.52750482e-06 2.50887936e-06 2.34558733e-06 2.61770262e-06
 2.44261318e-06 2.53450823e-06 2.51342273e-06 2.50850010e-06
 2.47599760e-06 2.48996037e-06 2.48223652e-06 2.56450025e-06
 2.56245357e-06 2.45854274e-06 2.67496257e-06 2.56068973e-06
 2.58549950e-06 2.40984649e-06 2.58896243e-06 2.50765775e-06
 2.63761951e-06 2.44375675e-06 2.55074851e-06 2.57671104e-06
 2.61392346e-06 2.66458611e-06 2.52824015e-06 2.50309328e-06
 2.53167467e-06 2.60228965e-06 2.63904199e-06 2.51058426e-06
 2.47910286e-06 2.61451513e-06 2.47071851e-06 2.35242287e-06
 2.50994852e-06 2.60091284e-06 2.47473313e-06 2.42650203e-06
 2.48052911e-06 2.54897805e-06 2.62048655e-06 2.49092604e-06
 2.53968491e-06 2.44444489e-06 2.51667283e-06 2.59409401e-06
 2.47680959e-06 2.57979950e-06 2.65432087e-06 2.50884222e-06
 2.49010526e-06 2.53958870e-06 2.44392067e-06 2.57029602e-06
 2.53518235e-06 2.59089470e-06 2.54223687e-06 2.55842241e-06
 2.51811758e-06 2.48124273e-06 2.55755938e-06 2.51806658e-06
 2.51567583e-06 2.46661017e-06 2.44740858e-06 2.55259219e-06
 2.55537499e-06 2.48290556e-06 2.53749837e-06 2.50568421e-06
 2.54964452e-06 2.46233109e-06 2.45822655e-06 2.53314342e-06
 2.43652349e-06 2.54659430e-06 2.54668621e-06 2.55391954e-06
 2.48355907e-06 2.51172076e-06 2.46992058e-06 2.46422033e-06
 2.47064140e-06 2.49962590e-06 2.50591753e-06 2.58718718e-06
 2.58071190e-06 2.43397849e-06 2.54578901e-06 2.43842715e-06
 2.38702634e-06 2.62233020e-06 2.46707200e-06 2.36872368e-06
 2.43329415e-06 2.54227016e-06 2.49492260e-06 2.53599818e-06
 2.54167498e-06 2.45270430e-06 2.39453106e-06 2.50499643e-06
 2.54899071e-06 2.55281373e-06 2.54114748e-06 2.59174878e-06
 2.58836650e-06 2.50191720e-06 2.45183505e-06 2.48121394e-06
 2.57409378e-06 2.68103939e-06 2.66239593e-06 2.60242856e-06
 2.50678692e-06 2.57431878e-06 2.53733387e-06 2.62493611e-06
 2.49434114e-06 2.58493357e-06 2.59137340e-06 2.51166541e-06
 2.58213217e-06 2.56027847e-06 2.58351146e-06 2.51234983e-06
 2.53574828e-06 2.44233979e-06 2.57994807e-06 2.40086225e-06
 2.45800834e-06 2.54345340e-06 2.53470200e-06 2.56908356e-06
 2.56724893e-06 2.45955759e-06 2.54593999e-06 2.57363216e-06
 2.44768832e-06 2.65645697e-06 2.50229830e-06 2.54356331e-06
 2.53033323e-06 2.52262116e-06 2.45127777e-06 2.50798200e-06
 2.45201554e-06 2.56199055e-06 2.45789872e-06 2.48827003e-06
 2.64228002e-06 2.52352014e-06 2.51331293e-06 2.44506206e-06
 2.55739820e-06 2.55076001e-06 2.51199181e-06 2.51488838e-06
 2.46975836e-06 2.63439193e-06 2.63912111e-06 2.44863991e-06
 2.52527922e-06 2.66853948e-06 2.47279272e-06 2.43243190e-06
 2.43694262e-06 2.55531032e-06 2.56045223e-06 2.51243029e-06
 2.69015606e-06 2.47335654e-06 2.47943438e-06 2.43130601e-06
 2.54768532e-06 2.54629073e-06 2.49770259e-06 2.50779003e-06
 2.43925888e-06 2.54844879e-06 2.56715435e-06 2.65164194e-06
 2.59096493e-06 2.41546153e-06 2.58163461e-06 2.50003276e-06
 2.53957475e-06 2.55362205e-06 2.47201771e-06 2.47515131e-06
 2.48007299e-06 2.50171299e-06 2.54495077e-06 2.62294419e-06
 2.53545742e-06 2.53806226e-06 2.56128771e-06 2.57592953e-06
 2.42213204e-06 2.49992883e-06 2.55940422e-06 2.49603391e-06
 2.52635467e-06 2.57146862e-06 2.57436441e-06 2.50654816e-06
 2.53242107e-06 2.57840829e-06 2.50120844e-06 2.56859976e-06
 2.62320087e-06 2.52053926e-06 2.53068397e-06 2.50674569e-06
 2.68341061e-06 2.48918844e-06 2.63410724e-06 2.47464463e-06
 2.60741442e-06 2.55780439e-06 2.49286439e-06 2.54931109e-06
 2.50352225e-06 2.55816383e-06 2.49747228e-06 2.50213765e-06
 2.60761414e-06 2.52822346e-06 2.60553926e-06 2.56311171e-06
 2.51437663e-06 2.51137375e-06 2.54509566e-06 2.52208536e-06
 2.51719139e-06 2.69850767e-06 2.56497830e-06 2.50587886e-06
 2.47233341e-06 2.50307562e-06 2.45284134e-06 2.54013418e-06
 2.51768723e-06 2.46001561e-06 2.40430903e-06 2.55461811e-06
 2.48183296e-06 2.51852166e-06 2.67692733e-06 2.48933341e-06
 2.63959870e-06 2.51878580e-06 2.50075490e-06 2.57048840e-06
 2.50223539e-06 2.60343291e-06 2.49220329e-06 2.57937373e-06
 2.54040481e-06 2.57776875e-06 2.46919617e-06 2.52130098e-06
 2.49194421e-06 2.55588815e-06 2.55214425e-06 2.46588773e-06
 2.58553416e-06 2.66915179e-06 2.53843236e-06 2.50642999e-06
 2.50554393e-06 2.53390777e-06 2.65678982e-06 2.46130267e-06
 2.58644795e-06 2.49211317e-06 2.44890994e-06 2.52016824e-06
 2.47831147e-06 2.61954164e-06 2.54547393e-06 2.54990439e-06
 2.64902935e-06 2.66040066e-06 2.60310750e-06 2.47955375e-06
 2.37482882e-06 2.58694111e-06 2.52841472e-06 2.47458330e-06
 2.42407922e-06 2.60953309e-06 2.60799912e-06 2.65544892e-06
 2.44716144e-06 2.51102771e-06 2.34122078e-06 2.55213206e-06
 2.54534716e-06 2.43581328e-06 2.58715494e-06 2.42738674e-06
 2.61474612e-06 2.56798146e-06 2.55820025e-06 2.50495709e-06
 2.39470829e-06 2.45130221e-06 2.57395799e-06 2.46447089e-06
 2.58669873e-06 2.54356459e-06 2.53144718e-06 2.45933330e-06
 2.60254161e-06 2.58589264e-06 2.52913777e-06 2.52984830e-06
 2.58744704e-06 2.48999888e-06 2.36959506e-06 2.53040227e-06
 2.46476877e-06 2.62475150e-06 2.58022981e-06 2.50112705e-06
 2.53512854e-06 2.48332475e-06 2.60222720e-06 2.40582993e-06
 2.50591631e-06 2.35971641e-06 2.56359067e-06 2.55749295e-06
 2.63040793e-06 2.57083725e-06 2.55140627e-06 2.42826200e-06
 2.51212814e-06 2.47059031e-06 2.50898219e-06 2.48548896e-06
 2.48587427e-06 2.51397378e-06 2.55851578e-06 2.63683070e-06
 2.66251867e-06 2.54891299e-06 2.45632242e-06 2.43709813e-06
 2.47782845e-06 2.47790951e-06 2.74529105e-06 2.55985555e-06
 2.57868277e-06 2.53354621e-06 2.48685978e-06 2.42553226e-06
 2.61928762e-06 2.49250226e-06 2.45607855e-06 2.54436220e-06
 2.52978911e-06 2.66947975e-06 2.61998688e-06 2.54823412e-06
 2.61415818e-06 2.49998790e-06 2.59240082e-06 2.58284054e-06
 2.46731409e-06 2.39566016e-06 2.45633107e-06 2.44155560e-06
 2.50091369e-06 2.44411184e-06 2.49957136e-06 2.57615387e-06
 2.57572665e-06 2.58076230e-06 2.40625675e-06 2.57990497e-06
 2.55889784e-06 2.39948146e-06 2.52680294e-06 2.57938272e-06
 2.61343045e-06 2.57200954e-06 2.54027281e-06 2.55956922e-06
 2.42356569e-06 2.53929381e-06 2.52865330e-06 2.49622331e-06
 2.50864358e-06 2.38322234e-06 2.52538047e-06 2.53115515e-06
 2.57900823e-06 2.85362599e-06 2.44783463e-06 2.61595175e-06
 2.57259671e-06 2.55025968e-06 2.50536210e-06 2.56437226e-06
 2.41570541e-06 2.49641422e-06 2.60322510e-06 2.64518918e-06
 2.46083517e-06 2.57825155e-06 2.39297202e-06 2.54015326e-06
 2.54976088e-06 2.53843253e-06 2.50517669e-06 2.51109835e-06
 2.50534425e-06 2.53702487e-06 2.41396736e-06 2.49300420e-06
 2.43992522e-06 2.56660022e-06 2.48709346e-06 2.49304296e-06
 2.43854781e-06 2.59074310e-06 2.48775000e-06 2.60623726e-06
 2.67334017e-06 2.51586056e-06 2.53078409e-06 2.42781211e-06
 2.53863018e-06 2.52769220e-06 2.56685012e-06 2.58799674e-06
 2.53294809e-06 2.59799196e-06 2.43599036e-06 2.46960580e-06
 2.49930189e-06 2.49671665e-06 2.48026039e-06 2.48439810e-06
 2.42876072e-06 2.50939438e-06 2.47300693e-06 2.60428673e-06
 2.58443513e-06 2.59542941e-06 2.58069982e-06 2.52330065e-06
 2.57271266e-06 2.53906054e-06 2.47897407e-06 2.55599608e-06
 2.57908636e-06 2.61200508e-06 2.44524928e-06 2.62274393e-06
 2.36908305e-06 2.52626679e-06 2.61433840e-06 2.54409987e-06
 2.45345301e-06 2.49491204e-06 2.48869801e-06 2.57773976e-06
 2.58550210e-06 2.47384366e-06 2.50692563e-06 2.51114842e-06
 2.52378858e-06 2.40275946e-06 2.52858628e-06 2.35882072e-06
 2.46773612e-06 2.68038213e-06 2.55308466e-06 2.52443225e-06
 2.44535482e-06 2.45938720e-06 2.55725550e-06 2.54776528e-06
 2.45712655e-06 2.53885632e-06 2.64348940e-06 2.56369272e-06
 2.51530108e-06 2.50199723e-06 2.48497470e-06 2.45228355e-06
 2.55479190e-06 2.58259440e-06 2.50930925e-06 2.56368897e-06
 2.56488733e-06 2.53122964e-06 2.65900207e-06 2.52104752e-06
 2.54867867e-06 2.52648876e-06 2.46847077e-06 2.54060245e-06
 2.58144180e-06 2.54712768e-06 2.45946611e-06 2.50959701e-06
 2.50978091e-06 2.59301836e-06 2.61397131e-06 2.50575708e-06
 2.55326047e-06 2.59622703e-06 2.58095104e-06 2.46452575e-06
 2.52551494e-06 2.50187273e-06 2.48460216e-06 2.52851374e-06
 2.55221127e-06 2.54248696e-06 2.42425999e-06 2.59077596e-06
 2.60238284e-06 2.51495147e-06 2.51982659e-06 2.55510874e-06
 2.43637455e-06 2.49684336e-06 2.47795390e-06 2.54326755e-06
 2.64257989e-06 2.59135655e-06 2.35621099e-06 2.57668612e-06
 2.45377284e-06 2.45892125e-06 2.34793172e-06 2.57647779e-06
 2.50479324e-06 2.57687316e-06 2.49350236e-06 2.54561738e-06
 2.52375084e-06 2.43687318e-06 2.51823019e-06 2.43204343e-06
 2.50824052e-06 2.40113698e-06 2.59123021e-06 2.62410682e-06
 2.44475139e-06 2.46237584e-06 2.52112672e-06 2.63620081e-06
 2.52782552e-06 2.52399622e-06 2.46804130e-06 2.52397361e-06
 2.56276593e-06 2.41477632e-06 2.63938924e-06 2.60813014e-06
 2.56536469e-06 2.65183078e-06 2.48644574e-06 2.49813257e-06
 2.51364186e-06 2.49282769e-06 2.54489790e-06 2.35190054e-06
 2.47635885e-06 2.69749737e-06 2.51655650e-06 2.46840649e-06
 2.60656954e-06 2.49223478e-06 2.43424441e-06 2.54521635e-06
 2.49267486e-06 2.59278127e-06 2.44538584e-06 2.56455293e-06
 2.54549395e-06 2.50622523e-06 2.52657844e-06 2.53547067e-06
 2.55319275e-06 2.52979047e-06 2.49670932e-06 2.46143813e-06
 2.51463121e-06 2.60858100e-06 2.48232061e-06 2.54255758e-06
 2.51869980e-06 2.50659340e-06 2.48265560e-06 2.45435085e-06
 2.53273590e-06 2.53785189e-06 2.41757135e-06 2.52980695e-06
 2.54343452e-06 2.54098947e-06 2.44215885e-06 2.56107857e-06
 2.41560759e-06 2.48636155e-06 2.51251655e-06 2.61870099e-06
 2.58350580e-06 2.41148369e-06 2.57479912e-06 2.54039014e-06
 2.42525844e-06 2.52716487e-06 2.53446883e-06 2.44189564e-06
 2.60792480e-06 2.55679388e-06 2.48003803e-06 2.53906125e-06
 2.54227460e-06 2.48275646e-06 2.56241245e-06 2.62088268e-06
 2.54774806e-06 2.32704279e-06 2.51317741e-06 2.60242812e-06
 2.56750445e-06 2.51108919e-06 2.46351760e-06 2.59184681e-06
 2.47858354e-06 2.49861961e-06 2.49063698e-06 2.60599361e-06
 2.57147104e-06 2.46531224e-06 2.58979429e-06 2.63245267e-06
 2.51718473e-06 2.51177992e-06 2.52928356e-06 2.55798750e-06
 2.40257015e-06 2.44984386e-06 2.50905791e-06 2.51351450e-06
 2.48564340e-06 2.42844987e-06 2.50700061e-06 2.62608121e-06
 2.46710878e-06 2.56522055e-06 2.46794292e-06 2.43044859e-06
 2.42163165e-06 2.55282646e-06 2.51337409e-06 2.46700896e-06
 2.58045835e-06 2.55507885e-06 2.60272792e-06 2.51941587e-06
 2.47435447e-06 2.52938524e-06 2.42853323e-06 2.50766810e-06
 2.52874535e-06 2.66204574e-06 2.54525188e-06 2.51678827e-06
 2.48575568e-06 2.56561456e-06 2.58264269e-06 2.51681344e-06
 2.46742670e-06 2.51398897e-06 2.47382510e-06 2.52104490e-06
 2.54815902e-06 2.52900174e-06 2.56052633e-06 2.49999702e-06
 2.56337802e-06 2.50979593e-06 2.54307179e-06 2.39330249e-06]  in time = 0.5331063270568848
