Command Line:  5000 0 1000 0 1000
Reading Data ....
Slicing ....
Reading and Slicing done in  82.1568112373352  s 
Starting LIR ....
 result =  [0.00011745 0.0001166  0.00011741 0.00011954 0.00012368 0.00011714
 0.00012131 0.00012329 0.00011906 0.00011644 0.00011732 0.00012233
 0.00011425 0.00011222 0.00011638 0.00011438 0.00011404 0.00011988
 0.00011779 0.00011982 0.00011965 0.00012152 0.00011513 0.00012228
 0.00011575 0.00011986 0.00012272 0.00011606 0.00011329 0.00012375
 0.00011845 0.00012169 0.00011498 0.00012143 0.00012079 0.00012087
 0.00011502 0.00011636 0.00011871 0.00011885 0.00011736 0.00011868
 0.00012089 0.00011917 0.00011608 0.00012038 0.00011771 0.00011739
 0.00012095 0.00012111 0.00012121 0.00012162 0.00012153 0.00011162
 0.0001135  0.00012033 0.00012202 0.00012433 0.00011658 0.00011751
 0.00011995 0.00012131 0.00011543 0.00011606 0.00011761 0.00011358
 0.0001218  0.00011652 0.0001174  0.00012365 0.00012056 0.00011807
 0.00011745 0.0001158  0.00011876 0.00011703 0.00011847 0.00011806
 0.00012227 0.00012204 0.00012016 0.00012241 0.00012303 0.00011883
 0.00011982 0.00011674 0.00012307 0.00011876 0.00011611 0.00011633
 0.00012152 0.00011899 0.00011543 0.00011455 0.00011498 0.00011596
 0.00011526 0.00012212 0.00011798 0.00012097 0.00011768 0.00012256
 0.00011798 0.00012401 0.00012102 0.00012328 0.00011874 0.00011551
 0.00012192 0.00012441 0.00011837 0.00011805 0.00012241 0.00011721
 0.00012039 0.00011443 0.00011466 0.00011833 0.00012044 0.00011663
 0.00012341 0.00011915 0.00011901 0.00011188 0.00011859 0.00012185
 0.00012436 0.00011647 0.00012077 0.00012209 0.00011525 0.0001206
 0.00012256 0.00011711 0.00011609 0.00011518 0.00011905 0.00011758
 0.00011934 0.00012494 0.00012244 0.00011329 0.00011589 0.000118
 0.00011224 0.00011626 0.00011885 0.00011951 0.00011759 0.00011587
 0.00011775 0.00011584 0.00011576 0.00012112 0.00011704 0.00012046
 0.00012649 0.00012241 0.00011331 0.00012233 0.00011423 0.0001168
 0.00012189 0.00011544 0.00012012 0.00011932 0.00011966 0.00011993
 0.00012194 0.00011896 0.00011752 0.00011314 0.0001224  0.00011595
 0.00011787 0.00011806 0.0001211  0.00011884 0.00012275 0.00012068
 0.00011271 0.00011823 0.00011638 0.00012504 0.00011728 0.00011959
 0.0001146  0.00011281 0.00011583 0.00011963 0.00011481 0.00011649
 0.00012183 0.00011773 0.00011931 0.00011917 0.00011806 0.00012173
 0.00011832 0.0001112  0.00011668 0.00012034 0.00012361 0.00012408
 0.00012021 0.00011799 0.00011711 0.00012108 0.00012332 0.00011711
 0.00011396 0.00011316 0.00011644 0.00011855 0.00012157 0.00012084
 0.00011845 0.00012064 0.00011711 0.00011653 0.00011476 0.0001194
 0.0001175  0.00011382 0.00012102 0.00012094 0.00012574 0.00011759
 0.00012045 0.00011994 0.00012086 0.00012163 0.0001161  0.00011403
 0.00012433 0.00011514 0.00011934 0.00011967 0.00011875 0.00012057
 0.00011668 0.00011773 0.00012268 0.00011906 0.00011384 0.000121
 0.00011846 0.0001228  0.00011241 0.00011958 0.00011541 0.00012309
 0.00011561 0.00011689 0.00011456 0.00012012 0.00011539 0.00012036
 0.00012364 0.00012133 0.00012    0.00011264 0.00011799 0.00011687
 0.00011186 0.00012571 0.00011959 0.00011839 0.00012152 0.00012716
 0.000119   0.00012162 0.0001213  0.00011972 0.00011577 0.00011678
 0.00011893 0.0001184  0.00012216 0.00012186 0.00011968 0.00011752
 0.0001193  0.00012558 0.00011925 0.00011854 0.00011558 0.00012082
 0.00011865 0.00011687 0.00012574 0.00011584 0.00011625 0.00011891
 0.00012326 0.00012092 0.0001224  0.00011485 0.00011905 0.00011443
 0.00011658 0.00012002 0.00011784 0.00012386 0.00011902 0.00011803
 0.00011012 0.00012329 0.0001148  0.00011938 0.00011836 0.00011806
 0.00011643 0.00011728 0.00011684 0.00012063 0.00012065 0.00011567
 0.00012606 0.00012065 0.00012167 0.00011324 0.000122   0.00011792
 0.00012433 0.00011496 0.00012005 0.0001215  0.00012315 0.0001256
 0.00011891 0.00011778 0.00011916 0.00012273 0.00012445 0.00011813
 0.0001166  0.00012316 0.00011622 0.00011031 0.00011801 0.00012248
 0.00011622 0.00011397 0.00011673 0.00012003 0.00012339 0.00011725
 0.00011959 0.00011497 0.00011841 0.00012209 0.0001165  0.00012139
 0.00012493 0.00011794 0.00011716 0.00011959 0.00011512 0.00012114
 0.00011936 0.00012193 0.0001196  0.00012037 0.00011859 0.0001168
 0.00012042 0.00011846 0.00011836 0.00011599 0.00011503 0.00012025
 0.00012035 0.0001168  0.00011951 0.00011812 0.00011999 0.00011583
 0.00011561 0.00011916 0.00011452 0.00011972 0.00011994 0.00012014
 0.00011672 0.00011827 0.00011618 0.0001159  0.00011603 0.00011744
 0.00011774 0.00012173 0.00012146 0.00011429 0.00011966 0.00011462
 0.00011229 0.00012359 0.00011616 0.00011113 0.00011453 0.00011968
 0.00011744 0.00011943 0.00011966 0.00011528 0.00011268 0.00011788
 0.00012007 0.00012007 0.00011957 0.0001221  0.00012198 0.00011777
 0.00011531 0.00011673 0.00012133 0.00012631 0.00012575 0.00012259
 0.00011795 0.00012116 0.00011958 0.00012373 0.00011745 0.00012173
 0.00012214 0.00011838 0.00012182 0.0001206  0.0001216  0.00011837
 0.0001193  0.00011485 0.00012151 0.00011283 0.00011556 0.0001197
 0.00011938 0.00012105 0.00012088 0.00011575 0.00012003 0.00012116
 0.00011499 0.00012512 0.00011775 0.00011973 0.00011923 0.00011882
 0.00011539 0.00011799 0.00011528 0.00012071 0.00011553 0.00011698
 0.00012447 0.00011862 0.00011833 0.00011504 0.0001205  0.00012008
 0.00011822 0.00011835 0.00011603 0.0001241  0.00012441 0.00011516
 0.00011885 0.00012592 0.00011626 0.00011434 0.00011459 0.00012043
 0.00012055 0.00011809 0.0001268  0.0001162  0.00011669 0.00011422
 0.00011999 0.00011993 0.00011753 0.000118   0.00011474 0.00011994
 0.00012089 0.00012484 0.0001221  0.00011332 0.00012156 0.00011772
 0.00011956 0.00012013 0.00011628 0.00011628 0.00011658 0.00011775
 0.00011977 0.00012365 0.00011907 0.00011945 0.00012067 0.00012127
 0.00011382 0.0001177  0.00012038 0.00011752 0.00011885 0.00012114
 0.00012127 0.00011784 0.00011907 0.00012134 0.00011772 0.00012083
 0.00012356 0.00011852 0.00011913 0.00011785 0.0001266  0.00011707
 0.00012412 0.00011648 0.00012281 0.00012054 0.0001172  0.00012013
 0.00011787 0.00012046 0.00011745 0.0001176  0.00012281 0.0001191
 0.00012277 0.00012035 0.0001183  0.00011814 0.00011988 0.00011871
 0.00011824 0.00012711 0.00012084 0.00011788 0.00011633 0.00011773
 0.00011538 0.00011949 0.00011849 0.00011568 0.00011287 0.00012017
 0.00011681 0.00011838 0.00012631 0.00011718 0.00012438 0.00011854
 0.00011757 0.00012113 0.0001176  0.00012265 0.00011702 0.00012131
 0.00011967 0.00012145 0.00011609 0.00011871 0.00011734 0.0001204
 0.00012011 0.00011614 0.00012176 0.00012598 0.0001194  0.00011779
 0.00011802 0.00011911 0.00012522 0.00011571 0.00012184 0.00011727
 0.00011534 0.00011857 0.00011634 0.00012348 0.00011985 0.00011991
 0.00012468 0.00012542 0.00012281 0.00011674 0.00011145 0.00012185
 0.00011886 0.00011633 0.00011379 0.00012296 0.0001228  0.00012505
 0.00011514 0.00011802 0.00010999 0.00012008 0.00011978 0.00011446
 0.00012189 0.00011398 0.00012325 0.00012076 0.00012031 0.00011802
 0.00011239 0.00011521 0.00012124 0.00011603 0.00012173 0.00011973
 0.00011932 0.00011568 0.00012263 0.00012191 0.00011918 0.00011901
 0.00012188 0.00011714 0.00011111 0.00011916 0.0001158  0.00012376
 0.00012148 0.00011776 0.00011946 0.00011686 0.00012258 0.000113
 0.00011773 0.0001109  0.0001208  0.00012026 0.00012394 0.00012103
 0.00011999 0.00011396 0.00011807 0.00011614 0.00011804 0.00011689
 0.00011687 0.00011827 0.00012036 0.00012431 0.00012533 0.00012011
 0.00011551 0.00011449 0.0001166  0.00011656 0.00012964 0.00012053
 0.00012129 0.00011919 0.00011712 0.00011399 0.00012334 0.00011727
 0.00011539 0.00011977 0.0001191  0.00012583 0.00012361 0.00011989
 0.00012325 0.00011761 0.00012202 0.00012164 0.00011604 0.00011256
 0.00011553 0.00011485 0.00011772 0.00011487 0.00011755 0.00012134
 0.00012125 0.00012159 0.00011309 0.00012141 0.00012034 0.00011281
 0.00011898 0.00012157 0.00012314 0.00012102 0.00011982 0.00012054
 0.00011397 0.00011935 0.00011896 0.0001175  0.00011817 0.00011185
 0.00011886 0.00011909 0.00012137 0.00013491 0.00011511 0.00012308
 0.00012102 0.00012006 0.00011805 0.00012079 0.00011367 0.00011749
 0.00012262 0.00012463 0.00011576 0.00012144 0.00011246 0.00011953
 0.00012003 0.00011964 0.00011784 0.00011819 0.00011777 0.00011931
 0.00011326 0.0001173  0.00011469 0.00012097 0.00011698 0.00011715
 0.00011468 0.00012204 0.00011714 0.0001228  0.00012616 0.00011834
 0.00011914 0.00011406 0.0001194  0.000119   0.00012086 0.00012203
 0.0001194  0.00012252 0.00011441 0.00011613 0.00011761 0.00011751
 0.00011679 0.00011685 0.00011422 0.00011809 0.0001163  0.00012258
 0.00012171 0.00012248 0.00012143 0.0001188  0.00012107 0.0001195
 0.00011652 0.00012019 0.00012156 0.00012325 0.00011502 0.00012364
 0.00011129 0.00011887 0.00012321 0.00011984 0.00011544 0.00011741
 0.00011707 0.00012138 0.00012192 0.0001162  0.00011804 0.00011807
 0.0001188  0.00011292 0.0001188  0.00011087 0.00011611 0.00012638
 0.00012026 0.0001187  0.00011504 0.00011581 0.00012039 0.00011994
 0.00011556 0.00011948 0.00012455 0.00012081 0.00011841 0.00011773
 0.00011683 0.00011545 0.00012036 0.00012175 0.00011813 0.00012056
 0.00012085 0.00011927 0.00012536 0.00011857 0.00012002 0.00011894
 0.00011623 0.00011967 0.00012157 0.00011982 0.00011553 0.00011811
 0.00011808 0.00012209 0.00012303 0.00011782 0.00012044 0.00012228
 0.00012157 0.00011593 0.00011871 0.00011767 0.00011687 0.0001191
 0.00012004 0.00011973 0.00011399 0.00012212 0.00012272 0.00011827
 0.00011869 0.00012018 0.00011463 0.00011735 0.00011666 0.00011972
 0.00012448 0.0001221  0.00011071 0.0001212  0.0001155  0.00011563
 0.00011011 0.00012117 0.00011786 0.00012142 0.00011732 0.00011972
 0.00011871 0.00011442 0.00011838 0.00011434 0.00011791 0.00011278
 0.00012203 0.00012338 0.000115   0.00011594 0.00011876 0.00012445
 0.00011885 0.00011883 0.00011614 0.00011877 0.0001207  0.00011356
 0.00012434 0.00012288 0.00012082 0.00012506 0.00011683 0.00011762
 0.00011818 0.00011734 0.00011988 0.00011047 0.00011636 0.00012751
 0.00011836 0.00011607 0.00012266 0.00011733 0.00011446 0.0001197
 0.00011721 0.00012223 0.00011511 0.00012052 0.0001199  0.00011801
 0.00011892 0.00011934 0.00012028 0.0001191  0.0001175  0.0001158
 0.00011844 0.00012278 0.0001168  0.00011966 0.00011833 0.00011795
 0.0001169  0.00011548 0.00011912 0.00011942 0.00011345 0.00011891
 0.00011965 0.00011966 0.00011489 0.00012064 0.00011344 0.0001171
 0.00011807 0.00012334 0.00012159 0.00011341 0.00012138 0.00011963
 0.00011404 0.00011915 0.00011929 0.00011496 0.00012286 0.00012023
 0.00011649 0.0001195  0.00011969 0.00011691 0.00012079 0.0001234
 0.0001199  0.00010909 0.00011824 0.00012259 0.00012079 0.00011817
 0.00011586 0.00012234 0.00011653 0.00011762 0.00011749 0.00012268
 0.00012114 0.00011593 0.00012188 0.00012415 0.00011846 0.00011818
 0.00011906 0.00012051 0.0001127  0.00011523 0.00011799 0.00011835
 0.00011679 0.00011418 0.00011799 0.0001239  0.00011601 0.00012071
 0.0001159  0.00011428 0.00011379 0.00012034 0.00011824 0.00011601
 0.00012132 0.00012034 0.0001226  0.00011841 0.00011648 0.00011907
 0.00011414 0.00011818 0.00011895 0.00012537 0.00012002 0.00011845
 0.00011682 0.00012072 0.00012163 0.00011827 0.00011607 0.00011831
 0.00011639 0.00011856 0.00011971 0.00011909 0.00012049 0.00011763
 0.00012075 0.00011812 0.00011972 0.00011231]  in time = 26.333068370819092
