Command Line:  5000 0 100 0 100
Reading Data ....
Slicing ....
Reading and Slicing done in  82.09223055839539  s 
Starting LIR ....
 result =  [-4.71939545e-02  1.24562490e-02 -9.83286714e-03  2.00353926e-02
  2.46937859e-02  3.94310820e-02  5.47220453e-02 -4.60279714e-02
  1.32366474e-02 -9.53956390e-02  3.16764179e-02  3.52762394e-02
 -6.79922099e-02 -1.28154431e-01 -8.75396360e-04 -1.15143427e-01
 -6.10302614e-02 -3.42539619e-03  5.20526769e-02 -1.21332247e-03
  2.58553480e-02  4.98868756e-02  3.35436841e-02 -2.53434149e-02
  2.14090946e-03  7.99504468e-02  1.38876958e-01 -3.43289025e-02
 -3.32769867e-02 -4.68824541e-02 -1.34718344e-02 -5.79316469e-02
  4.27914740e-03  5.20567885e-02 -4.16395005e-02  6.26442807e-02
 -1.24326955e-02 -2.76212756e-02  8.32064229e-03  2.89275800e-02
 -1.33250751e-04  7.41506975e-02 -1.11655676e-02 -2.83408001e-02
  3.74059862e-02 -2.61012116e-02 -1.30603229e-02 -6.67052898e-03
  2.57449711e-02  6.70877392e-02  4.18261718e-02  7.74312042e-02
  5.50991034e-02 -6.44932940e-02 -4.60262767e-02  5.40076754e-02
  3.40694241e-02  6.31169459e-02 -2.73431606e-03 -4.82849288e-02
  5.14846785e-03  6.30746026e-02 -9.98742426e-03 -3.10316370e-02
 -1.78233560e-02 -2.42754394e-02  7.97985020e-03 -5.58137402e-02
  2.41897022e-02  5.13981979e-02 -3.57625703e-02  1.18346849e-01
  4.12575318e-02  5.01065218e-02 -1.97583645e-02  3.77208128e-02
  5.34190398e-02 -2.46795727e-02  3.63546906e-02 -1.92322518e-02
 -4.10526807e-02  1.25539873e-03  1.41303379e-01 -3.10807981e-02
  4.87598756e-02 -2.53984405e-03  5.62438111e-02  2.44959180e-02
  8.80155725e-02 -2.91462030e-02  4.47476030e-02 -4.57766463e-02
 -6.86498769e-03  4.04219094e-02  6.47454237e-02  5.89703385e-02
  2.57049492e-02 -5.21207131e-02  1.97031478e-02 -3.37790849e-02]  in time = 0.32474350929260254
