Command Line:  10000 0 100 0 100
Reading Data ....
Slicing ....
Reading and Slicing done in  81.49059629440308  s 
Starting LIR ....
 result =  [-0.08179681  0.01793128 -0.01866364  0.01603393  0.02628458  0.05480597
  0.08758704 -0.07720697  0.01359918 -0.14140158  0.05987293  0.04384942
 -0.10737934 -0.21757252 -0.02130292 -0.21026367 -0.090537   -0.00609346
  0.08209979 -0.01596453  0.02601292  0.07138829  0.05907875 -0.04543227
 -0.00100437  0.11635315  0.21626799 -0.05621782 -0.06558941 -0.07711053
 -0.01877211 -0.09284147  0.01837012  0.07226073 -0.07747392  0.09490794
 -0.02082605 -0.05094189  0.02362647  0.0426525  -0.01164551  0.10872836
 -0.03050579 -0.03444879  0.05640158 -0.06092211 -0.03784829 -0.0155577
  0.03319821  0.08718542  0.05925222  0.12674033  0.08846563 -0.09813829
 -0.0660622   0.07699247  0.05078045  0.08267093 -0.01942706 -0.08304239
  0.00807106  0.09665686 -0.01211007 -0.07267254 -0.02887309 -0.04355125
  0.0163021  -0.09369319  0.04091028  0.0807995  -0.04329384  0.1978923
  0.06011873  0.06997888 -0.03214613  0.0691197   0.07046103 -0.04822487
  0.06517655 -0.0517534  -0.06628705  0.00417033  0.20926059 -0.0531667
  0.07555742 -0.00488361  0.08806322  0.03344779  0.14388796 -0.05552131
  0.06120126 -0.07001018 -0.00857179  0.06272734  0.07995771  0.08848466
  0.01899747 -0.08661842  0.04067931 -0.07041405]  in time = 0.6513259410858154
