Command Line:  1000 0 1000 0 1000
Reading Data ....
Slicing ....
Reading and Slicing done in  80.18346810340881  s 
Starting LIR ....
 result =  [-1.59562331e+172 -1.57391537e+172 -1.56365187e+172 -1.59107956e+172
 -1.59448621e+172 -1.53941274e+172 -1.59844064e+172 -1.62631175e+172
 -1.56823160e+172 -1.55735572e+172 -1.55069041e+172 -1.61910562e+172
 -1.56205773e+172 -1.56925726e+172 -1.55258258e+172 -1.57333465e+172
 -1.58778788e+172 -1.56961162e+172 -1.55187428e+172 -1.56575432e+172
 -1.55860289e+172 -1.60466124e+172 -1.54497751e+172 -1.60792983e+172
 -1.56486043e+172 -1.60214356e+172 -1.60059552e+172 -1.58446990e+172
 -1.55925013e+172 -1.62928995e+172 -1.58895346e+172 -1.60204806e+172
 -1.58106765e+172 -1.54925751e+172 -1.59466192e+172 -1.57524531e+172
 -1.55111031e+172 -1.56093258e+172 -1.60983087e+172 -1.58084640e+172
 -1.57663569e+172 -1.57506763e+172 -1.57442674e+172 -1.58276313e+172
 -1.56671094e+172 -1.61558801e+172 -1.57778151e+172 -1.58957064e+172
 -1.57400613e+172 -1.61855915e+172 -1.59512479e+172 -1.63187510e+172
 -1.55539371e+172 -1.52470866e+172 -1.52334916e+172 -1.59516407e+172
 -1.60926067e+172 -1.63250791e+172 -1.59009084e+172 -1.59050312e+172
 -1.59406479e+172 -1.60445156e+172 -1.55630860e+172 -1.57259131e+172
 -1.57705574e+172 -1.52156582e+172 -1.59423388e+172 -1.55592626e+172
 -1.55283110e+172 -1.61196761e+172 -1.60365511e+172 -1.58076117e+172
 -1.58259824e+172 -1.54524829e+172 -1.59786531e+172 -1.54427300e+172
 -1.59835132e+172 -1.61670206e+172 -1.63905325e+172 -1.58241523e+172
 -1.58778151e+172 -1.59739702e+172 -1.62033812e+172 -1.57282095e+172
 -1.55446090e+172 -1.57605214e+172 -1.60560278e+172 -1.59739719e+172
 -1.55862656e+172 -1.56552433e+172 -1.58524736e+172 -1.59368039e+172
 -1.57745496e+172 -1.56608532e+172 -1.54380624e+172 -1.58069563e+172
 -1.55312846e+172 -1.63224113e+172 -1.57240149e+172 -1.59686912e+172
 -1.60417899e+172 -1.60532716e+172 -1.59030775e+172 -1.63799671e+172
 -1.58544691e+172 -1.63554565e+172 -1.53923707e+172 -1.59633836e+172
 -1.59736873e+172 -1.62769528e+172 -1.57774212e+172 -1.55602597e+172
 -1.59878983e+172 -1.57625876e+172 -1.61307541e+172 -1.54926636e+172
 -1.57422298e+172 -1.60801009e+172 -1.62829796e+172 -1.58211038e+172
 -1.57960787e+172 -1.57779877e+172 -1.57240051e+172 -1.53434000e+172
 -1.55469644e+172 -1.62252015e+172 -1.64281114e+172 -1.56465500e+172
 -1.58920727e+172 -1.61305686e+172 -1.53097740e+172 -1.60396566e+172
 -1.61196841e+172 -1.58888488e+172 -1.60435400e+172 -1.56716379e+172
 -1.57821657e+172 -1.59565723e+172 -1.59651797e+172 -1.64590316e+172
 -1.58976992e+172 -1.55796099e+172 -1.55672890e+172 -1.56898349e+172
 -1.49733483e+172 -1.57027404e+172 -1.57054556e+172 -1.61335333e+172
 -1.59647766e+172 -1.57547710e+172 -1.57611374e+172 -1.55127208e+172
 -1.51019025e+172 -1.61603554e+172 -1.54672275e+172 -1.55023511e+172
 -1.64009212e+172 -1.61930589e+172 -1.57014132e+172 -1.62260995e+172
 -1.55842144e+172 -1.58707297e+172 -1.57434769e+172 -1.58238130e+172
 -1.61388878e+172 -1.58673418e+172 -1.62405840e+172 -1.60186335e+172
 -1.57501370e+172 -1.58237776e+172 -1.57648799e+172 -1.56593718e+172
 -1.60921017e+172 -1.57358839e+172 -1.59789021e+172 -1.56662104e+172
 -1.60572565e+172 -1.58906831e+172 -1.57559550e+172 -1.57002499e+172
 -1.54566166e+172 -1.55637893e+172 -1.58206691e+172 -1.59360440e+172
 -1.60086289e+172 -1.57640837e+172 -1.60330937e+172 -1.57896156e+172
 -1.56309157e+172 -1.57182532e+172 -1.55175612e+172 -1.56180155e+172
 -1.64538293e+172 -1.55379611e+172 -1.58369689e+172 -1.59335178e+172
 -1.56541988e+172 -1.61347079e+172 -1.59798735e+172 -1.48914489e+172
 -1.58202587e+172 -1.59119347e+172 -1.57571093e+172 -1.61615017e+172
 -1.57158387e+172 -1.57220460e+172 -1.55611477e+172 -1.61257882e+172
 -1.59299343e+172 -1.57965872e+172 -1.54821349e+172 -1.57774269e+172
 -1.57726626e+172 -1.59743539e+172 -1.58419613e+172 -1.63718747e+172
 -1.56837734e+172 -1.62124294e+172 -1.59171946e+172 -1.57850678e+172
 -1.59784825e+172 -1.60704132e+172 -1.60188479e+172 -1.57941538e+172
 -1.55142089e+172 -1.57804739e+172 -1.65041237e+172 -1.58761874e+172
 -1.60659817e+172 -1.60882284e+172 -1.62595109e+172 -1.57120678e+172
 -1.53495267e+172 -1.51987910e+172 -1.63143257e+172 -1.50899451e+172
 -1.56802935e+172 -1.57374592e+172 -1.58556946e+172 -1.57393224e+172
 -1.54105901e+172 -1.58659702e+172 -1.61491040e+172 -1.55993301e+172
 -1.52554898e+172 -1.57648189e+172 -1.59158821e+172 -1.63068329e+172
 -1.55470161e+172 -1.53445694e+172 -1.55252191e+172 -1.63017547e+172
 -1.54965176e+172 -1.59565538e+172 -1.59847415e+172 -1.61048488e+172
 -1.57374709e+172 -1.62131959e+172 -1.62552340e+172 -1.57667557e+172
 -1.59319362e+172 -1.50616490e+172 -1.57431161e+172 -1.57388129e+172
 -1.53843968e+172 -1.63324622e+172 -1.60752261e+172 -1.55594088e+172
 -1.57727949e+172 -1.61298451e+172 -1.55883689e+172 -1.60755026e+172
 -1.58113932e+172 -1.57915110e+172 -1.57502270e+172 -1.56702268e+172
 -1.59461084e+172 -1.57134679e+172 -1.62018215e+172 -1.61487984e+172
 -1.59693797e+172 -1.56659931e+172 -1.61416045e+172 -1.59618925e+172
 -1.55387364e+172 -1.55844655e+172 -1.57939199e+172 -1.64818674e+172
 -1.56822573e+172 -1.60489819e+172 -1.60600169e+172 -1.54610073e+172
 -1.58381490e+172 -1.56652816e+172 -1.60479233e+172 -1.56198679e+172
 -1.58976302e+172 -1.57649934e+172 -1.61061504e+172 -1.53188252e+172
 -1.60114533e+172 -1.56666329e+172 -1.58958059e+172 -1.62191012e+172
 -1.57057870e+172 -1.58350991e+172 -1.52875209e+172 -1.62243636e+172
 -1.56637361e+172 -1.56886448e+172 -1.56150346e+172 -1.57299140e+172
 -1.57426978e+172 -1.54239620e+172 -1.55451048e+172 -1.62366738e+172
 -1.59660406e+172 -1.55135802e+172 -1.64275854e+172 -1.57823148e+172
 -1.62404965e+172 -1.54947855e+172 -1.59208565e+172 -1.59448324e+172
 -1.61386403e+172 -1.54424881e+172 -1.59918037e+172 -1.56741250e+172
 -1.61185442e+172 -1.63080633e+172 -1.60341285e+172 -1.57645825e+172
 -1.58588669e+172 -1.57825418e+172 -1.60244499e+172 -1.58104186e+172
 -1.57159455e+172 -1.61608503e+172 -1.56365702e+172 -1.56150282e+172
 -1.59918659e+172 -1.61726040e+172 -1.60701893e+172 -1.57204128e+172
 -1.55828559e+172 -1.58416809e+172 -1.63059235e+172 -1.55981026e+172
 -1.58067526e+172 -1.55027482e+172 -1.58683902e+172 -1.62681467e+172
 -1.56819457e+172 -1.62404461e+172 -1.66395150e+172 -1.60239152e+172
 -1.57038583e+172 -1.57875279e+172 -1.51178912e+172 -1.57502797e+172
 -1.58200860e+172 -1.62646422e+172 -1.60508406e+172 -1.61242202e+172
 -1.56411965e+172 -1.55136540e+172 -1.59363701e+172 -1.59001124e+172
 -1.58532282e+172 -1.56790432e+172 -1.56871857e+172 -1.57699421e+172
 -1.58571348e+172 -1.57023511e+172 -1.57385189e+172 -1.53029101e+172
 -1.60118902e+172 -1.55726825e+172 -1.55958953e+172 -1.60176521e+172
 -1.56113263e+172 -1.62671533e+172 -1.58003362e+172 -1.61387996e+172
 -1.59384753e+172 -1.56250216e+172 -1.56262259e+172 -1.56272818e+172
 -1.60280703e+172 -1.61066558e+172 -1.61492904e+172 -1.63028355e+172
 -1.61775778e+172 -1.58400701e+172 -1.62938265e+172 -1.55930044e+172
 -1.50892719e+172 -1.60844388e+172 -1.53649394e+172 -1.56108846e+172
 -1.52528152e+172 -1.58819598e+172 -1.56155303e+172 -1.57395207e+172
 -1.58573289e+172 -1.57088447e+172 -1.50653603e+172 -1.57486993e+172
 -1.57774023e+172 -1.61682848e+172 -1.59969079e+172 -1.59901829e+172
 -1.59002984e+172 -1.56431397e+172 -1.55529121e+172 -1.56599086e+172
 -1.57616664e+172 -1.65452699e+172 -1.57504875e+172 -1.60927049e+172
 -1.57968195e+172 -1.61425718e+172 -1.55584221e+172 -1.60546327e+172
 -1.55217236e+172 -1.60673381e+172 -1.58652956e+172 -1.53983455e+172
 -1.55668041e+172 -1.58396769e+172 -1.61795034e+172 -1.54775316e+172
 -1.59929859e+172 -1.55287770e+172 -1.59938692e+172 -1.54146573e+172
 -1.56883552e+172 -1.59667977e+172 -1.57201717e+172 -1.58136637e+172
 -1.59895951e+172 -1.54382921e+172 -1.55273638e+172 -1.60746153e+172
 -1.57900704e+172 -1.64560903e+172 -1.57390752e+172 -1.59165773e+172
 -1.55616260e+172 -1.56228716e+172 -1.53356493e+172 -1.58218790e+172
 -1.56517338e+172 -1.57782606e+172 -1.57371435e+172 -1.58829658e+172
 -1.63391263e+172 -1.61358794e+172 -1.56646231e+172 -1.54154699e+172
 -1.57391472e+172 -1.59331355e+172 -1.57720006e+172 -1.57892128e+172
 -1.59420613e+172 -1.62786770e+172 -1.61304401e+172 -1.55279377e+172
 -1.58360155e+172 -1.60369927e+172 -1.57675881e+172 -1.55688460e+172
 -1.55142360e+172 -1.56778557e+172 -1.59729376e+172 -1.60843299e+172
 -1.64605129e+172 -1.59512461e+172 -1.55560498e+172 -1.57002093e+172
 -1.58048879e+172 -1.57773318e+172 -1.57172284e+172 -1.57810127e+172
 -1.54317520e+172 -1.59903435e+172 -1.59621513e+172 -1.65323823e+172
 -1.59079082e+172 -1.59262487e+172 -1.60621393e+172 -1.55640770e+172
 -1.58584233e+172 -1.61260856e+172 -1.56405671e+172 -1.59776571e+172
 -1.58677064e+172 -1.56645252e+172 -1.59802043e+172 -1.60133357e+172
 -1.64544382e+172 -1.59217297e+172 -1.57927606e+172 -1.60880439e+172
 -1.55680441e+172 -1.55840392e+172 -1.62166854e+172 -1.55584277e+172
 -1.59604399e+172 -1.58893852e+172 -1.59111204e+172 -1.59937439e+172
 -1.61309882e+172 -1.61958157e+172 -1.56877480e+172 -1.62391611e+172
 -1.62333703e+172 -1.60387683e+172 -1.58118673e+172 -1.60063659e+172
 -1.61833889e+172 -1.57892262e+172 -1.62009840e+172 -1.55040832e+172
 -1.61645782e+172 -1.57078322e+172 -1.59111463e+172 -1.56738799e+172
 -1.56174783e+172 -1.59138875e+172 -1.58710632e+172 -1.60470884e+172
 -1.61658777e+172 -1.56111182e+172 -1.60384903e+172 -1.66862563e+172
 -1.58489792e+172 -1.58637975e+172 -1.57522996e+172 -1.58047080e+172
 -1.62819014e+172 -1.67061322e+172 -1.58403920e+172 -1.58380360e+172
 -1.55610064e+172 -1.58542396e+172 -1.55207262e+172 -1.60646035e+172
 -1.57952790e+172 -1.56513063e+172 -1.56849193e+172 -1.61461413e+172
 -1.55633178e+172 -1.61280207e+172 -1.60986489e+172 -1.55609359e+172
 -1.62443712e+172 -1.58024574e+172 -1.59593707e+172 -1.57891070e+172
 -1.60584518e+172 -1.60706288e+172 -1.62216558e+172 -1.63714589e+172
 -1.57059322e+172 -1.58888387e+172 -1.57499169e+172 -1.57253105e+172
 -1.55060853e+172 -1.57905103e+172 -1.60131157e+172 -1.52850493e+172
 -1.60644462e+172 -1.59744840e+172 -1.60738344e+172 -1.60858785e+172
 -1.55075011e+172 -1.61986507e+172 -1.62893420e+172 -1.57170514e+172
 -1.59943724e+172 -1.56636044e+172 -1.51725092e+172 -1.58917607e+172
 -1.61799897e+172 -1.60262558e+172 -1.58627032e+172 -1.62155140e+172
 -1.65964936e+172 -1.62341784e+172 -1.56920933e+172 -1.54577189e+172
 -1.55846873e+172 -1.60292253e+172 -1.61632588e+172 -1.58153095e+172
 -1.58362327e+172 -1.60696821e+172 -1.62422487e+172 -1.64968671e+172
 -1.54187880e+172 -1.60973941e+172 -1.51178905e+172 -1.60751167e+172
 -1.59985605e+172 -1.56631817e+172 -1.59588487e+172 -1.57981507e+172
 -1.60038251e+172 -1.63321575e+172 -1.62369071e+172 -1.54405597e+172
 -1.56887687e+172 -1.57194647e+172 -1.59435177e+172 -1.53706257e+172
 -1.62444062e+172 -1.59100168e+172 -1.54906469e+172 -1.55616244e+172
 -1.60267583e+172 -1.57675341e+172 -1.55384553e+172 -1.59928421e+172
 -1.59989059e+172 -1.57362743e+172 -1.57561724e+172 -1.57188348e+172
 -1.58892617e+172 -1.59764254e+172 -1.60866441e+172 -1.55929861e+172
 -1.55855277e+172 -1.56048318e+172 -1.60996603e+172 -1.55789550e+172
 -1.61553152e+172 -1.51398781e+172 -1.57775599e+172 -1.62738370e+172
 -1.61973887e+172 -1.60489128e+172 -1.62061835e+172 -1.59237330e+172
 -1.60952295e+172 -1.57796761e+172 -1.58210504e+172 -1.57865912e+172
 -1.58612540e+172 -1.58635010e+172 -1.61577018e+172 -1.60820697e+172
 -1.66508219e+172 -1.56643003e+172 -1.56169252e+172 -1.57403639e+172
 -1.55860679e+172 -1.56823330e+172 -1.62827299e+172 -1.59559730e+172
 -1.63254052e+172 -1.60032994e+172 -1.54269390e+172 -1.55669204e+172
 -1.63007155e+172 -1.57190034e+172 -1.58397104e+172 -1.59222944e+172
 -1.57855915e+172 -1.63405313e+172 -1.57963916e+172 -1.60646710e+172
 -1.59422527e+172 -1.57919589e+172 -1.62337698e+172 -1.60320903e+172
 -1.56591252e+172 -1.54255282e+172 -1.55729828e+172 -1.54483548e+172
 -1.56610116e+172 -1.56704437e+172 -1.58759587e+172 -1.59645027e+172
 -1.61026990e+172 -1.59216087e+172 -1.54429082e+172 -1.62127661e+172
 -1.62487684e+172 -1.53171995e+172 -1.57154160e+172 -1.58177486e+172
 -1.60832988e+172 -1.61895017e+172 -1.53604660e+172 -1.58864149e+172
 -1.53972807e+172 -1.62695792e+172 -1.59674664e+172 -1.56122788e+172
 -1.55091684e+172 -1.56177032e+172 -1.58295713e+172 -1.59578926e+172
 -1.61960108e+172 -1.66124474e+172 -1.55549676e+172 -1.64826624e+172
 -1.62545656e+172 -1.59348908e+172 -1.54151017e+172 -1.58710363e+172
 -1.51956126e+172 -1.56582726e+172 -1.61102361e+172 -1.62925077e+172
 -1.55522533e+172 -1.59764792e+172 -1.53652312e+172 -1.59676899e+172
 -1.59289264e+172 -1.55650522e+172 -1.58488024e+172 -1.57387815e+172
 -1.60136412e+172 -1.61118456e+172 -1.58965542e+172 -1.57089788e+172
 -1.56025581e+172 -1.57290908e+172 -1.57637137e+172 -1.60202136e+172
 -1.54880106e+172 -1.60191106e+172 -1.54765891e+172 -1.60485665e+172
 -1.60334513e+172 -1.59306114e+172 -1.58111564e+172 -1.56692442e+172
 -1.60847900e+172 -1.57701012e+172 -1.59834657e+172 -1.57467311e+172
 -1.54860675e+172 -1.57707299e+172 -1.57795523e+172 -1.57013193e+172
 -1.57207872e+172 -1.56458427e+172 -1.54238481e+172 -1.57401529e+172
 -1.54225561e+172 -1.57588438e+172 -1.56953338e+172 -1.63050805e+172
 -1.60593941e+172 -1.55808628e+172 -1.62388021e+172 -1.57269147e+172
 -1.61735652e+172 -1.59306713e+172 -1.58622353e+172 -1.62578646e+172
 -1.57992458e+172 -1.57042464e+172 -1.54804347e+172 -1.60144322e+172
 -1.53094082e+172 -1.58990274e+172 -1.60427186e+172 -1.57308169e+172
 -1.54614852e+172 -1.56695550e+172 -1.57407033e+172 -1.60361546e+172
 -1.57193700e+172 -1.60168480e+172 -1.56002908e+172 -1.59921891e+172
 -1.57884032e+172 -1.54288767e+172 -1.63079610e+172 -1.51182865e+172
 -1.55472097e+172 -1.63283026e+172 -1.58081243e+172 -1.60742453e+172
 -1.54522882e+172 -1.52878842e+172 -1.59562404e+172 -1.59065367e+172
 -1.55958374e+172 -1.59521668e+172 -1.62913361e+172 -1.57671841e+172
 -1.57248982e+172 -1.57445645e+172 -1.58589093e+172 -1.53064163e+172
 -1.57713675e+172 -1.57584323e+172 -1.56834011e+172 -1.62941273e+172
 -1.57945991e+172 -1.55797575e+172 -1.62270606e+172 -1.59968360e+172
 -1.58387229e+172 -1.57875508e+172 -1.53712351e+172 -1.57177612e+172
 -1.60256680e+172 -1.60975545e+172 -1.59027680e+172 -1.57457386e+172
 -1.58274183e+172 -1.61445916e+172 -1.63835470e+172 -1.59483824e+172
 -1.54233617e+172 -1.61006466e+172 -1.59787113e+172 -1.55997601e+172
 -1.61624157e+172 -1.58690518e+172 -1.57195533e+172 -1.56603865e+172
 -1.61809484e+172 -1.57964336e+172 -1.54262504e+172 -1.58522666e+172
 -1.58172353e+172 -1.59768132e+172 -1.55953951e+172 -1.61935698e+172
 -1.53522106e+172 -1.60181571e+172 -1.54568437e+172 -1.58950386e+172
 -1.63399141e+172 -1.59506495e+172 -1.51674150e+172 -1.63083831e+172
 -1.53606370e+172 -1.56228499e+172 -1.55700035e+172 -1.63504558e+172
 -1.57647425e+172 -1.58665094e+172 -1.57185844e+172 -1.61499086e+172
 -1.59800071e+172 -1.58669228e+172 -1.60848211e+172 -1.55102896e+172
 -1.60325536e+172 -1.55431856e+172 -1.60845694e+172 -1.67109166e+172
 -1.54698539e+172 -1.53452637e+172 -1.55947886e+172 -1.57257819e+172
 -1.61087114e+172 -1.57494583e+172 -1.55207803e+172 -1.58644746e+172
 -1.59031979e+172 -1.53432209e+172 -1.62924243e+172 -1.60845946e+172
 -1.59095662e+172 -1.60814501e+172 -1.60060499e+172 -1.55650194e+172
 -1.60257557e+172 -1.55899300e+172 -1.57410506e+172 -1.52205136e+172
 -1.59395538e+172 -1.57429114e+172 -1.59512794e+172 -1.56977211e+172
 -1.63925596e+172 -1.55539582e+172 -1.55051282e+172 -1.61551391e+172
 -1.58581310e+172 -1.58252965e+172 -1.52947702e+172 -1.64767943e+172
 -1.57609325e+172 -1.56024778e+172 -1.58396659e+172 -1.58793670e+172
 -1.57670056e+172 -1.57787302e+172 -1.56831074e+172 -1.55371023e+172
 -1.55719384e+172 -1.63341205e+172 -1.56260021e+172 -1.59457115e+172
 -1.62391416e+172 -1.57637855e+172 -1.54483083e+172 -1.54724579e+172
 -1.60559394e+172 -1.59746869e+172 -1.58762928e+172 -1.62030024e+172
 -1.60628632e+172 -1.57837539e+172 -1.54319105e+172 -1.58390878e+172
 -1.56922797e+172 -1.54180717e+172 -1.61540209e+172 -1.62324413e+172
 -1.62084933e+172 -1.53059095e+172 -1.57347601e+172 -1.57804421e+172
 -1.54339552e+172 -1.54010040e+172 -1.58884999e+172 -1.52448551e+172
 -1.61118695e+172 -1.62691522e+172 -1.60451940e+172 -1.59271376e+172
 -1.58591621e+172 -1.54438572e+172 -1.56671067e+172 -1.63257287e+172
 -1.59939955e+172 -1.55140141e+172 -1.58451069e+172 -1.60949227e+172
 -1.62152666e+172 -1.57852925e+172 -1.56413331e+172 -1.54924907e+172
 -1.58141774e+172 -1.56308823e+172 -1.50350900e+172 -1.62702828e+172
 -1.58772863e+172 -1.56684247e+172 -1.62668967e+172 -1.59702243e+172
 -1.58078209e+172 -1.58325165e+172 -1.58139203e+172 -1.57938486e+172
 -1.58826072e+172 -1.55080126e+172 -1.59441506e+172 -1.56569614e+172
 -1.60179004e+172 -1.54774702e+172 -1.57274004e+172 -1.58253770e+172
 -1.56859601e+172 -1.61335368e+172 -1.60204861e+172 -1.54839901e+172
 -1.55700228e+172 -1.55958192e+172 -1.58619022e+172 -1.56851912e+172
 -1.64493713e+172 -1.58375691e+172 -1.60960172e+172 -1.61575600e+172
 -1.54540053e+172 -1.58053174e+172 -1.55620483e+172 -1.53846388e+172
 -1.60079192e+172 -1.65131106e+172 -1.54668881e+172 -1.57898697e+172
 -1.59556473e+172 -1.61640404e+172 -1.60210417e+172 -1.61699350e+172
 -1.55952894e+172 -1.57864674e+172 -1.56032279e+172 -1.60098743e+172
 -1.64462132e+172 -1.57213692e+172 -1.61042872e+172 -1.57456530e+172
 -1.58419253e+172 -1.57511098e+172 -1.58736873e+172 -1.57181734e+172]  in time = 5.277863264083862
