Command Line:  1 0 1000 0 1000
Reading Data ....
Slicing ....
Reading and Slicing done in  82.41471862792969  s 
Starting LIR ....
 result =  [0.0025014 0.0024824 0.0024977 0.0025429 0.0026259 0.00249   0.0025789
 0.0026213 0.002531  0.0024777 0.0024946 0.0026013 0.0024343 0.0023943
 0.002476  0.0024379 0.0024325 0.0025477 0.0025041 0.0025461 0.0025419
 0.0025837 0.0024503 0.0025993 0.0024645 0.0025504 0.0026074 0.0024726
 0.0024149 0.0026308 0.0025209 0.0025869 0.0024507 0.0025766 0.0025683
 0.0025679 0.0024486 0.0024763 0.0025281 0.002528  0.0024978 0.0025241
 0.0025682 0.0025346 0.0024713 0.002562  0.0025049 0.0024998 0.0025695
 0.0025769 0.0025766 0.0025883 0.0025793 0.0023781 0.0024155 0.002559
 0.0025942 0.0026427 0.0024835 0.0025022 0.0025514 0.0025796 0.0024574
 0.0024714 0.002503  0.0024171 0.0025883 0.0024791 0.0024965 0.0026271
 0.0025645 0.0025125 0.0025002 0.0024637 0.0025279 0.0024881 0.0025221
 0.0025158 0.0026021 0.002592  0.0025549 0.0026008 0.0026154 0.002527
 0.0025449 0.0024855 0.0026148 0.0025278 0.0024711 0.0024762 0.0025819
 0.0025322 0.0024593 0.0024407 0.0024471 0.0024703 0.0024537 0.0025983
 0.0025099 0.0025721 0.002507  0.0026046 0.0025115 0.0026367 0.0025719
 0.0026219 0.0025219 0.0024628 0.0025911 0.0026437 0.0025181 0.0025098
 0.0026011 0.0024949 0.002562  0.0024367 0.0024437 0.0025203 0.0025644
 0.0024839 0.0026191 0.0025338 0.0025305 0.0023842 0.0025203 0.002592
 0.0026442 0.002479  0.0025672 0.0025959 0.0024513 0.0025654 0.0026053
 0.0024941 0.0024752 0.0024534 0.0025318 0.0025042 0.0025393 0.0026561
 0.0026008 0.0024146 0.0024665 0.00251   0.0023879 0.0024753 0.0025271
 0.0025444 0.0025044 0.002468  0.0025057 0.002465  0.0024595 0.0025768
 0.0024887 0.0025574 0.0026865 0.002603  0.0024163 0.0026016 0.0024336
 0.0024877 0.0025882 0.00246   0.0025567 0.002538  0.0025485 0.0025517
 0.0025893 0.0025304 0.0025011 0.0024124 0.0026019 0.0024694 0.0025102
 0.002511  0.0025754 0.0025286 0.0026055 0.0025637 0.002402  0.0025133
 0.0024789 0.0026532 0.0024986 0.0025425 0.0024453 0.0024071 0.0024659
 0.0025428 0.0024445 0.0024791 0.0025939 0.0025031 0.0025375 0.0025357
 0.0025109 0.0025889 0.0025191 0.0023664 0.0024848 0.0025588 0.0026228
 0.002636  0.0025545 0.0025101 0.0024909 0.0025758 0.0026187 0.0024932
 0.0024272 0.002414  0.0024795 0.0025236 0.0025828 0.0025733 0.0025188
 0.0025677 0.0024944 0.0024815 0.0024479 0.0025415 0.0025031 0.0024274
 0.0025686 0.0025697 0.0026726 0.0025035 0.0025626 0.0025526 0.0025725
 0.0025828 0.0024687 0.0024258 0.0026425 0.0024471 0.0025366 0.0025439
 0.0025266 0.0025618 0.0024808 0.0025063 0.002608  0.0025303 0.0024226
 0.0025707 0.0025213 0.0026119 0.0023967 0.0025383 0.0024566 0.0026177
 0.0024603 0.0024903 0.0024439 0.0025564 0.0024582 0.0025621 0.0026282
 0.0025773 0.0025523 0.0023967 0.0025103 0.0024879 0.0023843 0.0026703
 0.0025455 0.0025165 0.0025811 0.0026974 0.002529  0.0025861 0.0025771
 0.0025454 0.002466  0.0024853 0.0025311 0.0025182 0.0025981 0.0025915
 0.0025462 0.0025001 0.0025403 0.0026641 0.0025335 0.0025198 0.0024626
 0.0025739 0.0025229 0.0024907 0.0026683 0.0024645 0.0024764 0.0025279
 0.0026185 0.0025676 0.0026    0.0024477 0.002535  0.0024351 0.0024846
 0.0025502 0.0025087 0.0026322 0.0025306 0.002512  0.0023486 0.0026209
 0.0024457 0.0025376 0.0025165 0.0025116 0.0024791 0.002493  0.0024853
 0.0025677 0.0025656 0.0024616 0.0026782 0.0025638 0.0025887 0.0024129
 0.0025921 0.0025108 0.0026408 0.0024468 0.0025539 0.0025798 0.0026171
 0.0026678 0.0025314 0.0025062 0.0025348 0.0026054 0.0026422 0.0025137
 0.0024822 0.0026177 0.0024738 0.0023555 0.0025131 0.0026041 0.0024779
 0.0024296 0.0024836 0.0025521 0.0026237 0.002494  0.0025428 0.0024475
 0.0025198 0.0025973 0.0024799 0.002583  0.0026576 0.002512  0.0024932
 0.0025427 0.0024469 0.0025734 0.0025383 0.0025941 0.0025454 0.0025616
 0.0025212 0.0024843 0.0025607 0.0025212 0.0025188 0.0024697 0.0024505
 0.0025557 0.0025585 0.002486  0.0025406 0.0025087 0.0025528 0.0024654
 0.0024613 0.0025363 0.0024396 0.0025498 0.0025498 0.0025571 0.0024867
 0.0025148 0.002473  0.0024673 0.0024738 0.0025028 0.0025091 0.0025904
 0.0025839 0.0024371 0.002549  0.0024415 0.00239   0.0026255 0.0024701
 0.0023718 0.0024363 0.0025454 0.002498  0.0025391 0.0025448 0.0024558
 0.0023975 0.0025081 0.0025521 0.002556  0.0025443 0.0025949 0.0025915
 0.002505  0.0024549 0.0024843 0.0025772 0.0026843 0.0026655 0.0026056
 0.0025099 0.0025775 0.0025404 0.0026281 0.0024974 0.0025881 0.0025945
 0.0025147 0.0025852 0.0025634 0.0025867 0.0025154 0.0025389 0.0024454
 0.0025831 0.0024039 0.0024611 0.0025466 0.0025378 0.0025722 0.0025704
 0.0024626 0.002549  0.0025768 0.0024508 0.0026597 0.0025054 0.0025467
 0.0025334 0.0025257 0.0024543 0.0025111 0.0024551 0.0025651 0.002461
 0.0024914 0.0026455 0.0025267 0.0025164 0.0024481 0.0025605 0.0025539
 0.0025151 0.002518  0.0024729 0.0026376 0.0026423 0.0024517 0.0025284
 0.0026717 0.0024759 0.0024355 0.00244   0.0025584 0.0025636 0.0025156
 0.0026934 0.0024765 0.0024825 0.0024344 0.0025508 0.0025494 0.0025008
 0.0025109 0.0024423 0.0025516 0.0025703 0.0026549 0.0025941 0.0024186
 0.0025848 0.0025031 0.0025427 0.0025568 0.0024751 0.0024783 0.0024832
 0.0025048 0.0025481 0.0026261 0.0025387 0.0025412 0.0025644 0.0025791
 0.0024252 0.002503  0.0025626 0.0024991 0.0025295 0.0025746 0.0025775
 0.0025097 0.0025356 0.0025816 0.0025043 0.0025718 0.0026264 0.0025237
 0.0025338 0.0025099 0.0026866 0.0024923 0.0026373 0.0024777 0.0026106
 0.0025609 0.002496  0.0025524 0.0025066 0.0025613 0.0025006 0.0025053
 0.0026108 0.0025313 0.0026087 0.0025664 0.0025175 0.0025145 0.0025482
 0.0025252 0.0025204 0.0027018 0.0025681 0.002509  0.0024754 0.0025062
 0.0024559 0.0025433 0.0025208 0.0024631 0.0024074 0.0025578 0.0024849
 0.0025217 0.0026801 0.0024924 0.0026428 0.0025219 0.0025039 0.0025736
 0.0025054 0.0026066 0.0024954 0.0025826 0.0025435 0.0025809 0.0024723
 0.0025244 0.002495  0.002559  0.0025553 0.0024689 0.0025887 0.0026723
 0.0025416 0.0025096 0.0025086 0.0025371 0.00266   0.0024644 0.0025896
 0.0024952 0.0024519 0.0025233 0.0024815 0.0026227 0.0025486 0.0025531
 0.0026523 0.0026636 0.0026062 0.0024826 0.0023779 0.0025901 0.0025316
 0.0024777 0.0024272 0.0026127 0.0026112 0.0026587 0.0024502 0.0025142
 0.0023442 0.0025553 0.0025485 0.0024389 0.0025903 0.0024305 0.0026179
 0.0025712 0.0025614 0.002508  0.0023978 0.0024544 0.0025771 0.0024675
 0.0025899 0.0025467 0.0025345 0.0024624 0.0026057 0.002589  0.0025322
 0.002533  0.0025906 0.0024931 0.0023727 0.0025335 0.0024679 0.0026279
 0.0025834 0.0025042 0.0025382 0.0024864 0.0026054 0.0024089 0.0025091
 0.0023627 0.0025667 0.0025607 0.0026336 0.002574  0.0025546 0.0024314
 0.0025153 0.0024737 0.0025121 0.0024886 0.002489  0.0025171 0.0025617
 0.00264   0.0026658 0.002552  0.0024594 0.0024402 0.0024809 0.002481
 0.0027485 0.002563  0.0025819 0.0025367 0.0024899 0.0024286 0.0026225
 0.0024956 0.0024592 0.0025475 0.0025329 0.0026727 0.0026231 0.0025514
 0.0026173 0.0025031 0.0025956 0.002586  0.0024704 0.0023987 0.0024594
 0.0024446 0.002504  0.0024472 0.0025027 0.0025793 0.0025789 0.0025839
 0.0024093 0.0025831 0.0025621 0.0024025 0.0025299 0.0025825 0.0026166
 0.0025752 0.0025433 0.0025627 0.0024266 0.0025425 0.0025318 0.0024993
 0.0025117 0.0023863 0.0025285 0.0025343 0.0025822 0.0028569 0.0024509
 0.0026192 0.0025758 0.0025534 0.0025084 0.0025675 0.0024187 0.0024995
 0.0026064 0.0026484 0.0024639 0.0025814 0.002396  0.0025433 0.0025529
 0.0025415 0.0025083 0.0025142 0.0025085 0.0025402 0.0024171 0.0024961
 0.002443  0.0025697 0.0024902 0.0024962 0.0024416 0.0025939 0.0024908
 0.0026094 0.0026765 0.002519  0.0025339 0.0024309 0.0025418 0.0025308
 0.00257   0.0025911 0.002536  0.0026011 0.0024391 0.0024727 0.0025024
 0.0024998 0.0024833 0.0024875 0.0024318 0.0025125 0.0024761 0.0026075
 0.0025876 0.0025985 0.0025839 0.0025264 0.0025759 0.0025422 0.0024821
 0.0025592 0.0025822 0.0026151 0.0024483 0.0026259 0.0023721 0.0025294
 0.0026175 0.0025472 0.0024565 0.002498  0.0024918 0.0025809 0.0025886
 0.002477  0.00251   0.0025143 0.0025269 0.0024058 0.0025318 0.0023618
 0.0024708 0.0026836 0.0025562 0.0025276 0.0024484 0.0024624 0.0025604
 0.0025509 0.0024602 0.002542  0.0026467 0.0025668 0.0025184 0.0025051
 0.0024881 0.0024553 0.0025579 0.0025857 0.0025124 0.0025669 0.002568
 0.0025343 0.0026622 0.0025242 0.0025518 0.0025296 0.0024715 0.0025437
 0.0025846 0.0025503 0.0024626 0.0025127 0.0025129 0.0025962 0.0026172
 0.0025089 0.0025563 0.0025994 0.0025841 0.0024676 0.0025287 0.002505
 0.0024877 0.0025316 0.0025554 0.0025456 0.0024273 0.0025939 0.0026055
 0.0025181 0.0025229 0.0025583 0.0024394 0.0025    0.002481  0.0025464
 0.0026458 0.0025945 0.0023592 0.0025799 0.0024568 0.002462  0.002351
 0.0025797 0.0025079 0.00258   0.0024966 0.0025488 0.0025269 0.00244
 0.0025214 0.0024351 0.0025114 0.0024042 0.0025944 0.0026274 0.0024478
 0.0024654 0.0025242 0.0026393 0.002531  0.0025271 0.0024711 0.0025271
 0.0025659 0.0024178 0.0026426 0.0026113 0.0025685 0.002655  0.0024896
 0.0025012 0.0025168 0.0024959 0.002548  0.0023549 0.0024795 0.0027006
 0.0025197 0.0024715 0.0026098 0.0024953 0.0024373 0.0025484 0.0024958
 0.0025959 0.0024484 0.0025678 0.0025486 0.0025093 0.0025297 0.0025386
 0.0025563 0.0025329 0.0024998 0.0024645 0.0025177 0.0026118 0.0024854
 0.0025457 0.0025219 0.0025097 0.0024857 0.0024574 0.0025359 0.002541
 0.0024207 0.002533  0.0025466 0.0025441 0.0024452 0.0025642 0.0024187
 0.0024894 0.0025157 0.0026219 0.0025867 0.0024145 0.0025779 0.0025435
 0.0024283 0.0025302 0.0025376 0.0024449 0.0026111 0.00256   0.0024832
 0.0025422 0.0025454 0.0024858 0.0025655 0.0026241 0.0025509 0.0023301
 0.0025163 0.0026056 0.0025707 0.0025142 0.0024666 0.0025949 0.0024817
 0.0025017 0.0024936 0.0026092 0.0025746 0.0024684 0.002593  0.0026356
 0.0025203 0.0025149 0.0025324 0.0025611 0.0024057 0.0024529 0.0025122
 0.0025166 0.0024888 0.0024315 0.0025101 0.0026292 0.0024702 0.0025684
 0.0024711 0.0024335 0.0024247 0.0025559 0.0025165 0.0024701 0.0025837
 0.0025582 0.0026059 0.0025226 0.0024774 0.0025325 0.0024316 0.0025107
 0.0025319 0.0026653 0.0025483 0.0025199 0.0024889 0.0025688 0.0025858
 0.00252   0.0024705 0.0025171 0.0024769 0.0025242 0.0025514 0.0025321
 0.0025637 0.0025031 0.0025665 0.0025129 0.0025462 0.0023964]  in time = 0.006069183349609375
