Command Line:  1000 0 100 0 100
Reading Data ....
Slicing ....
Reading and Slicing done in  82.2332112789154  s 
Starting LIR ....
 result =  [-0.00514293  0.00938624  0.00319331  0.01307955  0.01411315  0.01555191
  0.01881186 -0.00607276  0.00955558 -0.02049996  0.01194983  0.01575134
 -0.01191197 -0.02472237  0.00855534 -0.01882427 -0.01125925  0.00424149
  0.01806485  0.00605817  0.01445783  0.01890369  0.01240338 -0.0003632
  0.00652076  0.02698504  0.04090089 -0.00292455 -0.00093428 -0.00585834
  0.00113171 -0.00953308  0.00412334  0.01954746 -0.00340833  0.0211692
  0.0023166  -0.00014921  0.00620948  0.01244479  0.00733544  0.02482109
  0.00434292 -0.00311857  0.01531089  0.00194166  0.00528255  0.00492486
  0.01238812  0.02527905  0.01714722  0.02432102  0.01897739 -0.01172806
 -0.00764685  0.01974205  0.01423483  0.02415938  0.00675692 -0.00585168
  0.0069464   0.02196871  0.00267764  0.00102299  0.00163654  0.00018067
  0.00785088 -0.00730729  0.0108472   0.01825455 -0.00510239  0.0333605
  0.01643088  0.01941355  0.00074701  0.01356769  0.02143793  0.00097858
  0.01335334  0.00356062 -0.00492905  0.00520992  0.04289199 -0.00125046
  0.0175301   0.0050084   0.01909043  0.01227907  0.02690943 -0.0001962
  0.01788293 -0.0062972   0.00240776  0.01665885  0.02507332  0.02077162
  0.01518736 -0.00657515  0.0083958  -0.00067002]  in time = 0.06461310386657715
Command Line:  1000 0 100 0 100
Reading Data ....
Slicing ....
Reading and Slicing done in  81.51516151428223  s 
Starting LIR ....
 result =  [-0.00514293  0.00938624  0.00319331  0.01307955  0.01411315  0.01555191
  0.01881186 -0.00607276  0.00955558 -0.02049996  0.01194983  0.01575134
 -0.01191197 -0.02472237  0.00855534 -0.01882427 -0.01125925  0.00424149
  0.01806485  0.00605817  0.01445783  0.01890369  0.01240338 -0.0003632
  0.00652076  0.02698504  0.04090089 -0.00292455 -0.00093428 -0.00585834
  0.00113171 -0.00953308  0.00412334  0.01954746 -0.00340833  0.0211692
  0.0023166  -0.00014921  0.00620948  0.01244479  0.00733544  0.02482109
  0.00434292 -0.00311857  0.01531089  0.00194166  0.00528255  0.00492486
  0.01238812  0.02527905  0.01714722  0.02432102  0.01897739 -0.01172806
 -0.00764685  0.01974205  0.01423483  0.02415938  0.00675692 -0.00585168
  0.0069464   0.02196871  0.00267764  0.00102299  0.00163654  0.00018067
  0.00785088 -0.00730729  0.0108472   0.01825455 -0.00510239  0.0333605
  0.01643088  0.01941355  0.00074701  0.01356769  0.02143793  0.00097858
  0.01335334  0.00356062 -0.00492905  0.00520992  0.04289199 -0.00125046
  0.0175301   0.0050084   0.01909043  0.01227907  0.02690943 -0.0001962
  0.01788293 -0.0062972   0.00240776  0.01665885  0.02507332  0.02077162
  0.01518736 -0.00657515  0.0083958  -0.00067002]  in time = 0.07139778137207031
