Command Line:  100 0 1000 0 1000
Reading Data ....
Slicing ....
Reading and Slicing done in  80.80313420295715  s 
Starting LIR ....
 result =  [-3.37240185e+14 -3.32652141e+14 -3.30482918e+14 -3.36279849e+14
 -3.36999854e+14 -3.25359898e+14 -3.37835636e+14 -3.43726285e+14
 -3.31450858e+14 -3.29152205e+14 -3.27743470e+14 -3.42203248e+14
 -3.30145990e+14 -3.31667634e+14 -3.28143387e+14 -3.32529404e+14
 -3.35584140e+14 -3.31742528e+14 -3.27993685e+14 -3.30927277e+14
 -3.29415799e+14 -3.39150380e+14 -3.26536030e+14 -3.39841209e+14
 -3.30738349e+14 -3.38618260e+14 -3.38291077e+14 -3.34882876e+14
 -3.29552594e+14 -3.44355738e+14 -3.35830490e+14 -3.38598076e+14
 -3.34163799e+14 -3.27440622e+14 -3.37036992e+14 -3.32933228e+14
 -3.27832218e+14 -3.29908186e+14 -3.40242999e+14 -3.34117037e+14
 -3.33227089e+14 -3.32895675e+14 -3.32760221e+14 -3.34522143e+14
 -3.31129461e+14 -3.41459789e+14 -3.33469261e+14 -3.35960933e+14
 -3.32671322e+14 -3.42087749e+14 -3.37134820e+14 -3.44902119e+14
 -3.28737527e+14 -3.22252142e+14 -3.21964809e+14 -3.37143123e+14
 -3.40122485e+14 -3.45035864e+14 -3.36070879e+14 -3.36158016e+14
 -3.36910786e+14 -3.39106063e+14 -3.28930893e+14 -3.32372296e+14
 -3.33315868e+14 -3.21587893e+14 -3.36946524e+14 -3.28850084e+14
 -3.28195911e+14 -3.40694606e+14 -3.38937732e+14 -3.34099023e+14
 -3.34487294e+14 -3.26593259e+14 -3.37714039e+14 -3.26387130e+14
 -3.37816757e+14 -3.41695248e+14 -3.46419245e+14 -3.34448613e+14
 -3.35582794e+14 -3.37615065e+14 -3.42463741e+14 -3.32420832e+14
 -3.28540376e+14 -3.33103754e+14 -3.39349378e+14 -3.37615101e+14
 -3.29420801e+14 -3.30878667e+14 -3.35047194e+14 -3.36829542e+14
 -3.33400245e+14 -3.30997235e+14 -3.26288477e+14 -3.34085171e+14
 -3.28258761e+14 -3.44979481e+14 -3.32332178e+14 -3.37503490e+14
 -3.39048456e+14 -3.39291126e+14 -3.36116724e+14 -3.46195942e+14
 -3.35089370e+14 -3.45677900e+14 -3.25322770e+14 -3.37391314e+14
 -3.37609086e+14 -3.44018700e+14 -3.33460937e+14 -3.28871159e+14
 -3.37909439e+14 -3.33147424e+14 -3.40928743e+14 -3.27442492e+14
 -3.32717156e+14 -3.39858172e+14 -3.44146079e+14 -3.34384183e+14
 -3.33855269e+14 -3.33472910e+14 -3.32331971e+14 -3.24287758e+14
 -3.28590158e+14 -3.42924920e+14 -3.47213486e+14 -3.30694931e+14
 -3.35884133e+14 -3.40924823e+14 -3.23577061e+14 -3.39003368e+14
 -3.40694775e+14 -3.35815995e+14 -3.39085444e+14 -3.31225173e+14
 -3.33561213e+14 -3.37247353e+14 -3.37429275e+14 -3.47866994e+14
 -3.36003052e+14 -3.29280132e+14 -3.29019724e+14 -3.31609772e+14
 -3.16466594e+14 -3.31882534e+14 -3.31939920e+14 -3.40987483e+14
 -3.37420754e+14 -3.32982217e+14 -3.33116773e+14 -3.27866407e+14
 -3.19183628e+14 -3.41554377e+14 -3.26904891e+14 -3.27647240e+14
 -3.46638812e+14 -3.42245574e+14 -3.31854483e+14 -3.42943899e+14
 -3.29377447e+14 -3.35433043e+14 -3.32743512e+14 -3.34441443e+14
 -3.41100651e+14 -3.35361438e+14 -3.43250034e+14 -3.38559036e+14
 -3.32884276e+14 -3.34440695e+14 -3.33195871e+14 -3.30965925e+14
 -3.40111811e+14 -3.32583033e+14 -3.37719302e+14 -3.31110461e+14
 -3.39375347e+14 -3.35854764e+14 -3.33007241e+14 -3.31829896e+14
 -3.26680627e+14 -3.28945757e+14 -3.34374995e+14 -3.36813481e+14
 -3.38347587e+14 -3.33179045e+14 -3.38864659e+14 -3.33718670e+14
 -3.30364495e+14 -3.32210402e+14 -3.27968711e+14 -3.30091845e+14
 -3.47757042e+14 -3.28399869e+14 -3.34719497e+14 -3.36760089e+14
 -3.30856591e+14 -3.41012308e+14 -3.37739833e+14 -3.14735624e+14
 -3.34366321e+14 -3.36303923e+14 -3.33031637e+14 -3.41578604e+14
 -3.32159371e+14 -3.32290564e+14 -3.28889927e+14 -3.40823788e+14
 -3.36684350e+14 -3.33866017e+14 -3.27219965e+14 -3.33461058e+14
 -3.33360363e+14 -3.37623175e+14 -3.34825013e+14 -3.46024904e+14
 -3.31481660e+14 -3.42654977e+14 -3.36415094e+14 -3.33622551e+14
 -3.37710432e+14 -3.39653418e+14 -3.38563569e+14 -3.33814586e+14
 -3.27897859e+14 -3.33525457e+14 -3.48820031e+14 -3.35548392e+14
 -3.39559756e+14 -3.40029948e+14 -3.43650061e+14 -3.32079672e+14
 -3.24417248e+14 -3.21231400e+14 -3.44808588e+14 -3.18930906e+14
 -3.31408111e+14 -3.32616327e+14 -3.35115271e+14 -3.32655706e+14
 -3.25707842e+14 -3.35332450e+14 -3.41316575e+14 -3.29696924e+14
 -3.22429748e+14 -3.33194583e+14 -3.36387353e+14 -3.44650226e+14
 -3.28591250e+14 -3.24312474e+14 -3.28130563e+14 -3.44542897e+14
 -3.27523947e+14 -3.37246963e+14 -3.37842719e+14 -3.40381225e+14
 -3.32616574e+14 -3.42671178e+14 -3.43559667e+14 -3.33235518e+14
 -3.36726663e+14 -3.18332857e+14 -3.32735887e+14 -3.32644938e+14
 -3.25154237e+14 -3.45191909e+14 -3.39755141e+14 -3.28853174e+14
 -3.33363159e+14 -3.40909531e+14 -3.29465255e+14 -3.39760983e+14
 -3.34178945e+14 -3.33758730e+14 -3.32886178e+14 -3.31195349e+14
 -3.37026195e+14 -3.32109263e+14 -3.42430775e+14 -3.41310114e+14
 -3.37518042e+14 -3.31105868e+14 -3.41158069e+14 -3.37359798e+14
 -3.28416255e+14 -3.29382754e+14 -3.33809643e+14 -3.48349637e+14
 -3.31449618e+14 -3.39200462e+14 -3.39433688e+14 -3.26773425e+14
 -3.34744439e+14 -3.31090830e+14 -3.39178088e+14 -3.30130996e+14
 -3.36001592e+14 -3.33198271e+14 -3.40408737e+14 -3.23768361e+14
 -3.38407282e+14 -3.31119389e+14 -3.35963036e+14 -3.42795987e+14
 -3.31946925e+14 -3.34679978e+14 -3.23106734e+14 -3.42907210e+14
 -3.31058166e+14 -3.31584618e+14 -3.30028843e+14 -3.32456857e+14
 -3.32727047e+14 -3.25990462e+14 -3.28550855e+14 -3.43167391e+14
 -3.37447470e+14 -3.27884571e+14 -3.47202370e+14 -3.33564365e+14
 -3.43248183e+14 -3.27487340e+14 -3.36492490e+14 -3.36999228e+14
 -3.41095421e+14 -3.26382018e+14 -3.37991980e+14 -3.31277738e+14
 -3.40670682e+14 -3.44676230e+14 -3.38886530e+14 -3.33189586e+14
 -3.35182319e+14 -3.33569163e+14 -3.38681969e+14 -3.34158348e+14
 -3.32161629e+14 -3.41564835e+14 -3.30484006e+14 -3.30028708e+14
 -3.37993295e+14 -3.41813254e+14 -3.39648686e+14 -3.32256047e+14
 -3.29348735e+14 -3.34819087e+14 -3.44631005e+14 -3.29670979e+14
 -3.34080865e+14 -3.27655633e+14 -3.35383596e+14 -3.43832580e+14
 -3.31443032e+14 -3.43247119e+14 -3.51681571e+14 -3.38670669e+14
 -3.31906161e+14 -3.33674546e+14 -3.19521556e+14 -3.32887292e+14
 -3.34362672e+14 -3.43758512e+14 -3.39239745e+14 -3.40790647e+14
 -3.30581784e+14 -3.27886131e+14 -3.36820375e+14 -3.36054056e+14
 -3.35063142e+14 -3.31381687e+14 -3.31553781e+14 -3.33302865e+14
 -3.35145710e+14 -3.31874306e+14 -3.32638724e+14 -3.23431990e+14
 -3.38416515e+14 -3.29133718e+14 -3.29624327e+14 -3.38538294e+14
 -3.29950466e+14 -3.43811585e+14 -3.33945254e+14 -3.41098786e+14
 -3.36864867e+14 -3.30239921e+14 -3.30265375e+14 -3.30287692e+14
 -3.38758487e+14 -3.40419418e+14 -3.41320514e+14 -3.44565740e+14
 -3.41918378e+14 -3.34785042e+14 -3.44375331e+14 -3.29563227e+14
 -3.18916677e+14 -3.39949855e+14 -3.24742999e+14 -3.29941132e+14
 -3.22373219e+14 -3.35670394e+14 -3.30039319e+14 -3.32659897e+14
 -3.35149813e+14 -3.32011550e+14 -3.18411298e+14 -3.32853890e+14
 -3.33460538e+14 -3.41721967e+14 -3.38099861e+14 -3.37957724e+14
 -3.36057986e+14 -3.30622853e+14 -3.28715864e+14 -3.30977271e+14
 -3.33127954e+14 -3.49689669e+14 -3.32891684e+14 -3.40124560e+14
 -3.33870927e+14 -3.41178513e+14 -3.28832319e+14 -3.39319892e+14
 -3.28056685e+14 -3.39588426e+14 -3.35318190e+14 -3.25449048e+14
 -3.29009476e+14 -3.34776730e+14 -3.41959075e+14 -3.27122673e+14
 -3.38016967e+14 -3.28205760e+14 -3.38035636e+14 -3.25793803e+14
 -3.31578498e+14 -3.37463471e+14 -3.32250950e+14 -3.34226934e+14
 -3.37945301e+14 -3.26293332e+14 -3.28175892e+14 -3.39742231e+14
 -3.33728281e+14 -3.47804830e+14 -3.32650481e+14 -3.36402046e+14
 -3.28900036e+14 -3.30194480e+14 -3.24123945e+14 -3.34400567e+14
 -3.30804494e+14 -3.33478677e+14 -3.32609654e+14 -3.35691656e+14
 -3.45332758e+14 -3.41037068e+14 -3.31076912e+14 -3.25810977e+14
 -3.32652003e+14 -3.36752010e+14 -3.33346371e+14 -3.33710156e+14
 -3.36940658e+14 -3.44055142e+14 -3.40922106e+14 -3.28188021e+14
 -3.34699346e+14 -3.38947066e+14 -3.33253112e+14 -3.29052632e+14
 -3.27898433e+14 -3.31356587e+14 -3.37593239e+14 -3.39947552e+14
 -3.47898303e+14 -3.37134783e+14 -3.28782180e+14 -3.31829038e+14
 -3.34041455e+14 -3.33459047e+14 -3.32188743e+14 -3.33536844e+14
 -3.26155106e+14 -3.37961120e+14 -3.37365267e+14 -3.49417286e+14
 -3.36218821e+14 -3.36606454e+14 -3.39478546e+14 -3.28951837e+14
 -3.35172943e+14 -3.40830073e+14 -3.30568481e+14 -3.37692987e+14
 -3.35369144e+14 -3.31074843e+14 -3.37746823e+14 -3.38447066e+14
 -3.47769912e+14 -3.36510944e+14 -3.33785139e+14 -3.40026050e+14
 -3.29035683e+14 -3.29373745e+14 -3.42744929e+14 -3.28832438e+14
 -3.37329098e+14 -3.35827333e+14 -3.36286714e+14 -3.38032988e+14
 -3.40933691e+14 -3.42303840e+14 -3.31565665e+14 -3.43219959e+14
 -3.43097570e+14 -3.38984592e+14 -3.34188966e+14 -3.38299758e+14
 -3.42041196e+14 -3.33710440e+14 -3.42413074e+14 -3.27683849e+14
 -3.41643627e+14 -3.31990151e+14 -3.36287260e+14 -3.31272559e+14
 -3.30080492e+14 -3.36345196e+14 -3.35440091e+14 -3.39160442e+14
 -3.41671091e+14 -3.29946069e+14 -3.38978718e+14 -3.52669464e+14
 -3.34973339e+14 -3.35286527e+14 -3.32929984e+14 -3.34037651e+14
 -3.44123291e+14 -3.53089546e+14 -3.34791844e+14 -3.34742051e+14
 -3.28886940e+14 -3.35084519e+14 -3.28035605e+14 -3.39530629e+14
 -3.33838367e+14 -3.30795457e+14 -3.31505879e+14 -3.41253956e+14
 -3.28935793e+14 -3.40870971e+14 -3.40250189e+14 -3.28885450e+14
 -3.43330078e+14 -3.33990085e+14 -3.37306499e+14 -3.33707921e+14
 -3.39400610e+14 -3.39657975e+14 -3.42849981e+14 -3.46016116e+14
 -3.31949994e+14 -3.35815782e+14 -3.32879625e+14 -3.32359561e+14
 -3.27726163e+14 -3.33737580e+14 -3.38442417e+14 -3.23054496e+14
 -3.39527304e+14 -3.37625924e+14 -3.39725727e+14 -3.39980283e+14
 -3.27756087e+14 -3.42363760e+14 -3.44280551e+14 -3.32185002e+14
 -3.38046270e+14 -3.31055382e+14 -3.20675926e+14 -3.35877540e+14
 -3.41969354e+14 -3.38720137e+14 -3.35263400e+14 -3.42720172e+14
 -3.50772298e+14 -3.43114650e+14 -3.31657504e+14 -3.26703924e+14
 -3.29387443e+14 -3.38782899e+14 -3.41615740e+14 -3.34261719e+14
 -3.34703938e+14 -3.39637967e+14 -3.43285217e+14 -3.48666661e+14
 -3.25881108e+14 -3.40223669e+14 -3.19521540e+14 -3.39752829e+14
 -3.38134787e+14 -3.31046447e+14 -3.37295466e+14 -3.33899062e+14
 -3.38246058e+14 -3.45185469e+14 -3.43172320e+14 -3.26341260e+14
 -3.31587237e+14 -3.32236007e+14 -3.36971441e+14 -3.24863182e+14
 -3.43330816e+14 -3.36263388e+14 -3.27399868e+14 -3.28900001e+14
 -3.38730758e+14 -3.33251970e+14 -3.28410316e+14 -3.38013928e+14
 -3.38142089e+14 -3.32591283e+14 -3.33011837e+14 -3.32222694e+14
 -3.35824723e+14 -3.37666957e+14 -3.39996463e+14 -3.29562841e+14
 -3.29405204e+14 -3.29813203e+14 -3.40271566e+14 -3.29266289e+14
 -3.41447851e+14 -3.19986255e+14 -3.33463867e+14 -3.43952846e+14
 -3.42337087e+14 -3.39199000e+14 -3.42522968e+14 -3.36553284e+14
 -3.40177918e+14 -3.33508595e+14 -3.34383053e+14 -3.33654747e+14
 -3.35232771e+14 -3.35280261e+14 -3.41498291e+14 -3.39899783e+14
 -3.51920545e+14 -3.31070090e+14 -3.30068801e+14 -3.32677718e+14
 -3.29416622e+14 -3.31451216e+14 -3.44140800e+14 -3.37234687e+14
 -3.45042757e+14 -3.38234946e+14 -3.26053381e+14 -3.29011934e+14
 -3.44520933e+14 -3.32226258e+14 -3.34777440e+14 -3.36522879e+14
 -3.33633618e+14 -3.45362452e+14 -3.33861881e+14 -3.39532055e+14
 -3.36944703e+14 -3.33768195e+14 -3.43106013e+14 -3.38843451e+14
 -3.30960713e+14 -3.26023563e+14 -3.29140064e+14 -3.26506012e+14
 -3.31000583e+14 -3.31199933e+14 -3.35543559e+14 -3.37414965e+14
 -3.40335789e+14 -3.36508386e+14 -3.26390896e+14 -3.42662093e+14
 -3.43423013e+14 -3.23734002e+14 -3.32150436e+14 -3.34313270e+14
 -3.39925759e+14 -3.42170393e+14 -3.24648452e+14 -3.35764554e+14
 -3.25426543e+14 -3.43862857e+14 -3.37477604e+14 -3.29970599e+14
 -3.27791327e+14 -3.30085246e+14 -3.34563146e+14 -3.37275259e+14
 -3.42307964e+14 -3.51109488e+14 -3.28759308e+14 -3.48366439e+14
 -3.43545539e+14 -3.36789108e+14 -3.25803195e+14 -3.35439523e+14
 -3.21164223e+14 -3.30942692e+14 -3.40495089e+14 -3.44347458e+14
 -3.28701940e+14 -3.37668093e+14 -3.24749167e+14 -3.37482329e+14
 -3.36663048e+14 -3.28972448e+14 -3.34969601e+14 -3.32644275e+14
 -3.38453523e+14 -3.40529105e+14 -3.35978853e+14 -3.32014384e+14
 -3.29765149e+14 -3.32439458e+14 -3.33171225e+14 -3.38592433e+14
 -3.27344150e+14 -3.38569121e+14 -3.27102752e+14 -3.39191680e+14
 -3.38872216e+14 -3.36698662e+14 -3.34173940e+14 -3.31174580e+14
 -3.39957278e+14 -3.33306227e+14 -3.37815754e+14 -3.32812292e+14
 -3.27303081e+14 -3.33319514e+14 -3.33505978e+14 -3.31852499e+14
 -3.32263960e+14 -3.30679981e+14 -3.25988054e+14 -3.32673260e+14
 -3.25960748e+14 -3.33068299e+14 -3.31725993e+14 -3.44613189e+14
 -3.39420527e+14 -3.29306611e+14 -3.43212372e+14 -3.32393465e+14
 -3.41833569e+14 -3.36699928e+14 -3.35253512e+14 -3.43615265e+14
 -3.33922206e+14 -3.31914365e+14 -3.27184030e+14 -3.38470242e+14
 -3.23569329e+14 -3.36031124e+14 -3.39068084e+14 -3.32475939e+14
 -3.26783528e+14 -3.31181150e+14 -3.32684893e+14 -3.38929351e+14
 -3.32234005e+14 -3.38521300e+14 -3.29717229e+14 -3.38000127e+14
 -3.33693045e+14 -3.26094336e+14 -3.44674069e+14 -3.19529910e+14
 -3.28595341e+14 -3.45103994e+14 -3.34109857e+14 -3.39734412e+14
 -3.26589145e+14 -3.23114412e+14 -3.37240340e+14 -3.36189835e+14
 -3.29623104e+14 -3.37154243e+14 -3.44322696e+14 -3.33244572e+14
 -3.32350846e+14 -3.32766500e+14 -3.35183214e+14 -3.23506096e+14
 -3.33332990e+14 -3.33059599e+14 -3.31473792e+14 -3.44381688e+14
 -3.33823997e+14 -3.29283251e+14 -3.42964212e+14 -3.38098341e+14
 -3.34756568e+14 -3.33675030e+14 -3.24876061e+14 -3.32200003e+14
 -3.38707714e+14 -3.40227058e+14 -3.36110182e+14 -3.32791316e+14
 -3.34517642e+14 -3.41221204e+14 -3.46271604e+14 -3.37074257e+14
 -3.25977773e+14 -3.40292411e+14 -3.37715268e+14 -3.29706012e+14
 -3.41597920e+14 -3.35397579e+14 -3.32237881e+14 -3.30987371e+14
 -3.41989615e+14 -3.33862770e+14 -3.26038828e+14 -3.35042818e+14
 -3.34302420e+14 -3.37675151e+14 -3.29613755e+14 -3.42256374e+14
 -3.24473973e+14 -3.38548968e+14 -3.26685426e+14 -3.35946819e+14
 -3.45349408e+14 -3.37122173e+14 -3.20568258e+14 -3.44682990e+14
 -3.24652067e+14 -3.30194022e+14 -3.29077097e+14 -3.45572210e+14
 -3.33192968e+14 -3.35343845e+14 -3.32217401e+14 -3.41333580e+14
 -3.37742657e+14 -3.35352583e+14 -3.39957935e+14 -3.27815023e+14
 -3.38853242e+14 -3.28510291e+14 -3.39952613e+14 -3.53190666e+14
 -3.26960401e+14 -3.24327148e+14 -3.29600938e+14 -3.32369525e+14
 -3.40462863e+14 -3.32869931e+14 -3.28036747e+14 -3.35300839e+14
 -3.36119269e+14 -3.24283972e+14 -3.44345696e+14 -3.39953146e+14
 -3.36253864e+14 -3.39886688e+14 -3.38293079e+14 -3.28971755e+14
 -3.38709567e+14 -3.29498250e+14 -3.32692233e+14 -3.21690514e+14
 -3.36887662e+14 -3.32731561e+14 -3.37135488e+14 -3.31776450e+14
 -3.46462088e+14 -3.28737974e+14 -3.27705936e+14 -3.41444129e+14
 -3.35166765e+14 -3.34472798e+14 -3.23259951e+14 -3.48242415e+14
 -3.33112443e+14 -3.29763451e+14 -3.34776498e+14 -3.35615595e+14
 -3.33240801e+14 -3.33488604e+14 -3.31467583e+14 -3.28381719e+14
 -3.29117992e+14 -3.45226958e+14 -3.30260646e+14 -3.37017808e+14
 -3.43219547e+14 -3.33172742e+14 -3.26505030e+14 -3.27015437e+14
 -3.39347510e+14 -3.37630212e+14 -3.35550620e+14 -3.42455733e+14
 -3.39493847e+14 -3.33594780e+14 -3.26158455e+14 -3.34764281e+14
 -3.31661444e+14 -3.25865969e+14 -3.41420495e+14 -3.43077935e+14
 -3.42571787e+14 -3.23495382e+14 -3.32559281e+14 -3.33524784e+14
 -3.26201672e+14 -3.25505236e+14 -3.35808622e+14 -3.22204979e+14
 -3.40529610e+14 -3.43853831e+14 -3.39120402e+14 -3.36625241e+14
 -3.35188558e+14 -3.26410953e+14 -3.31129404e+14 -3.45049596e+14
 -3.38038305e+14 -3.27893742e+14 -3.34891496e+14 -3.40171434e+14
 -3.42714941e+14 -3.33627300e+14 -3.30584671e+14 -3.27438838e+14
 -3.34237792e+14 -3.30363790e+14 -3.17771526e+14 -3.43877726e+14
 -3.35571618e+14 -3.31157260e+14 -3.43806161e+14 -3.37535893e+14
 -3.34103444e+14 -3.34625394e+14 -3.34232358e+14 -3.33808135e+14
 -3.35684077e+14 -3.27766899e+14 -3.36984817e+14 -3.30914979e+14
 -3.38543542e+14 -3.27121375e+14 -3.32403732e+14 -3.34474498e+14
 -3.31527876e+14 -3.40987557e+14 -3.38598194e+14 -3.27259174e+14
 -3.29077505e+14 -3.29622720e+14 -3.35246470e+14 -3.31511625e+14
 -3.47662820e+14 -3.34732183e+14 -3.40194567e+14 -3.41495295e+14
 -3.26625437e+14 -3.34050533e+14 -3.28908960e+14 -3.25159353e+14
 -3.38332586e+14 -3.49009973e+14 -3.26897719e+14 -3.33724041e+14
 -3.37227804e+14 -3.41632259e+14 -3.38609936e+14 -3.41756844e+14
 -3.29611522e+14 -3.33652130e+14 -3.29779304e+14 -3.38373909e+14
 -3.47596074e+14 -3.32276259e+14 -3.40369357e+14 -3.32789506e+14
 -3.34824253e+14 -3.32904837e+14 -3.35495552e+14 -3.32208715e+14]  in time = 0.5300564765930176
