Command Line:  1 0 100 0 100
Reading Data ....
Slicing ....
Reading and Slicing done in  82.52733111381531  s 
Starting LIR ....
 result =  [0.0001922 0.0002228 0.000209  0.0002066 0.0002289 0.0001954 0.000213
 0.0001711 0.0002007 0.000164  0.0002028 0.0002088 0.0001854 0.0001667
 0.0001933 0.0001929 0.0001808 0.0001999 0.000215  0.0001827 0.000222
 0.0002101 0.0001857 0.0001962 0.00022   0.0002168 0.0002461 0.0002013
 0.0002102 0.0001819 0.0001911 0.00018   0.0002018 0.0002063 0.0001857
 0.000211  0.000213  0.0002015 0.0002133 0.000192  0.0001975 0.0002322
 0.0001817 0.0001956 0.000218  0.0002018 0.0002198 0.0002185 0.0002022
 0.0002189 0.0002233 0.0002369 0.000206  0.0001813 0.0001793 0.0002191
 0.0002185 0.0002445 0.000218  0.0001965 0.0002082 0.0002256 0.0002065
 0.0001835 0.0002197 0.0002049 0.0002306 0.0002003 0.0002001 0.0002208
 0.0002092 0.0002203 0.000223  0.0002165 0.0001856 0.0002155 0.0002327
 0.0001921 0.0002145 0.0001897 0.0001911 0.0002005 0.0002493 0.0002052
 0.0002246 0.0001855 0.0002151 0.0002159 0.000226  0.0001839 0.0002182
 0.0002073 0.0001789 0.0002223 0.0002175 0.0002302 0.0002149 0.0001933
 0.0001984 0.0001938]  in time = 0.0001976490020751953
