Command Line:  100 0 100 0 100
Reading Data ....
Slicing ....
Reading and Slicing done in  82.1135802268982  s 
Starting LIR ....
 result =  [0.00610333 0.00813396 0.00722341 0.00789124 0.00869684 0.00764751
 0.00845414 0.00531838 0.00741236 0.00402744 0.00761725 0.0081282
 0.00537042 0.00388583 0.00714689 0.00521428 0.00524629 0.00698898
 0.0084617  0.00656652 0.00849277 0.0083876  0.00708314 0.006557
 0.00782761 0.00919117 0.01112546 0.00654148 0.00700273 0.00570107
 0.00646938 0.00535589 0.00700715 0.00830727 0.0060158  0.00855724
 0.00729048 0.00676532 0.00755932 0.00731074 0.00717349 0.00952435
 0.00643395 0.00631279 0.00838632 0.00694977 0.00778229 0.00767966
 0.00765396 0.00916566 0.00870323 0.00962897 0.00823743 0.00523504
 0.00545067 0.00873394 0.008319   0.009925   0.00780057 0.00618334
 0.00746847 0.00911272 0.00710282 0.00628616 0.0074793  0.00688861
 0.00827853 0.00621788 0.00746102 0.00867505 0.00661968 0.00970199
 0.00863066 0.00864247 0.00628927 0.00815115 0.00934103 0.00654504
 0.00810397 0.00666176 0.00605642 0.00707647 0.01139086 0.00680634
 0.00874434 0.00658621 0.00853663 0.00810431 0.0094535  0.00618981
 0.00858489 0.00649044 0.00614797 0.00864178 0.00910971 0.00917034
 0.00832184 0.00603777 0.00720652 0.00648811]  in time = 0.006865739822387695
